Sample ID,Culture,Li,B,Mg,Ca,Ti,V,Cr,Mn,Fe,Co,Ni,Cu,Zn,Ga,Rb,Sr,Y,Zr,Nb,Ba,La,Ce,Pr,Nd,W,208Pb,Th,U
Milovice01,1,0.5445062446420499,1.7774440440261703,3.7147496838201617,4.319177287618194,3.412009096718903,-0.6151005567289021,-0.4855077276833075,-0.029179129019462735,4.810255735861736,-2.8907967495066167,-0.442257743889491,-0.0397364118253396,1.2214144602354562,-1.6888668468104804,-0.44756279611918437,-0.15855181981734923,-0.27832887408059737,-0.6151005567289021,-1.9623354820122056,1.1004523036885105,-0.18683653365593145,-1.297820114126588,-1.3315785940515417,0.025317896082683866,-1.978596002883986,-1.1478274444479935,-2.073086846304909,-3.256256523001081
Milovice02,1,0.8474831876845972,0.5667046959505697,4.59759113704995,4.007120196567413,3.420370674430201,0.03295543228264197,-0.5902331596703929,0.6924152168589117,6.358418242358543,-1.127576311996692,0.10291402088955248,0.5926698055190762,1.5604509732304104,-1.6144617282166749,-0.11637596110866699,-0.020920104270069295,-1.5861912942784198,-0.6376728847419528,-2.0582877041972854,1.7739905007614345,-1.4375310200575964,-0.7733272155371393,-2.8889646833484495,-1.3595694785878845,-2.5822344159259725,-1.3430401766366735,-2.262066888329704,-4.154631056679724
Milovice03,1,0.0952778257019018,0.36470555969411755,4.453543154598899,6.090911145791313,3.2197304492976437,-0.2599354858207077,-0.8193078759211696,0.1314748068465068,5.271188429013655,-2.672544118700225,-0.7375630401771023,-0.008188391226940261,1.0896666084992601,-1.7961699942315121,-0.28457941410445553,0.4110596690656685,-1.1235949677467758,-0.6960505462728319,-2.2314880654893585,1.6223723198723299,-0.6533026965593622,0.3350737620877462,-1.4354309218719852,0.34469436007472876,-2.945837453699907,-1.6070840373490167,-2.2964928957983535,-3.8621281855740612
Milovice04,1,1.2222642340325232,1.1241106804896512,4.1893169931733345,4.897758100669139,3.3932946102779185,0.16069951266835947,-0.6345879264775158,0.4069963689572864,6.290591169019729,-2.2027604837101897,-0.055212988561630816,1.07919002545158,1.3366558682573864,-1.735419971883939,0.1785571300683655,0.8014464168347732,-1.7421089600347344,-0.5195185966927287,-2.1408850799921026,1.0467064548363316,-1.8482154660292824,-0.857177307647313,-3.0824936198505473,-1.6834602329532267,-2.213455772826938,-1.1701061628338776,-2.587172182620522,-3.6550128126218784
Milovice05,1,0.025786901574750054,0.9328039966635755,3.6836122052017983,5.355785122255661,2.879157703055946,-0.46529195925640643,-0.9275047867143735,2.5501470886047892,5.780208325527308,-1.663693718532886,-0.3055702343796929,0.7595509274081547,1.3112215245030159,-1.5055826374895318,-0.42023314269983203,0.7693509241740042,-2.141132326266141,-0.7567053793210459,-2.2598486331055225,1.772531123941187,-2.035025820271593,-1.4706276224559547,-2.9614346823113324,-2.19478503975846,-1.0500107093271884,-0.3938811567114078,-2.404243137987417,-2.8645848563214154
Milovice06,1,0.8578777422123922,0.7208527235434232,3.360739834822858,4.800018395188132,2.9855938625590333,-0.1709129074826814,-0.37934560828032193,0.6302330580173905,6.207005559743878,-0.8064722131696653,-0.15810863523669383,-0.04628052998072363,1.161099432666827,-1.4405703648768107,-0.702572618151514,0.3106219193622435,-1.996751690363599,-1.0139244346891996,-2.714191563492589,2.1880427747805733,-1.047413104443244,-0.33131158781421366,-2.359157309011316,-0.9279115600291599,-2.576570185616541,-0.6164754015692715,-2.2000926143816297,-3.7340229743075835
Milovice07,1,0.389051795450321,1.3342354970786445,4.632332519876902,6.862788341346885,3.3393216949275546,-0.506474920948178,-0.9331474052131705,-0.3575061368493335,4.92653904188943,-2.5672779302376414,-0.5661051025072785,-0.4878363885578052,1.28576682463357,-1.9757105424956167,-0.5815852877951775,0.5118132247244045,-0.2578977941107672,-0.8834074230207714,-2.2083328377643694,1.099774120831773,-0.785033280650925,-1.6329686928608078,-2.1542656164940945,-0.23337036611455453,-1.2334737517391483,-1.1838285212499828,-2.344134378923431,-3.4892666832264334
Milovice09,1,0.6990185808368263,1.5471339913445092,3.914274630664893,4.440708943083112,2.627511477789625,0.3282498738222346,0.035948855514159384,1.2447249205066067,6.97788844454597,-0.8834330689296692,0.39336426598061536,1.4375574516070921,2.181663524143775,-1.6112293849027886,-0.22653887336487166,-0.4748767682518311,-1.2449849899479055,-0.9606418187616388,-3.134724867536164,1.3243989645814978,-2.3303520518659937,-1.7123255017741563,-3.6653531185983343,-1.8248034852008477,-2.4125901501029663,-0.814646617094601,-2.8324439956632297,-3.023499232425939
Tvarožná01,1,1.0117097438224807,0.9899977593702465,4.081107851133675,4.285765729703264,3.4633046532750202,0.318198463495178,-0.18875024724910183,0.5423611602714073,6.011444929631701,-1.6970687894313725,0.09012654590374503,1.5491882868272215,1.3974450286824025,-1.3458733112572654,0.20821450609366998,1.3634581200009928,-2.8122103800506926,-0.6168393713637963,-1.9577950518946254,2.2436107066673188,-2.406745271942529,-1.8696023398591644,-3.9108226687188017,-2.070273035321315,-1.7025482551959987,-0.33287477531214815,-2.8290174983670733,-3.815512488914478
Tvarožná02,1,1.0424179913737497,0.9612447013299272,3.838389387721576,4.260012392933147,3.4932932024875742,0.06597333667984717,-0.03495258191011352,0.3916734763191494,6.060996544237859,-2.31999336525325,-0.3226346543618943,0.7769604353681236,2.418395664521065,-1.5042438626009718,-0.018495819946602765,0.9798611839376923,-2.298487160032286,-0.2765169722669283,-2.0215003766972526,1.5898533607523015,-1.7919259350527525,-1.13135492492742,-3.4405845606401346,-2.0055000353508117,-1.951432814080535,-0.499660523581138,-2.5110486020159577,-3.7507394889439745
Tvarožná03,1,0.8013619153179006,0.5778264376808222,4.459159856730798,3.835380054774448,3.4145845787460227,0.06136625796064177,-0.1459699080685013,0.990193064165168,6.3215392511203605,-1.4552732874842889,-0.00378567948674835,0.7255162393914878,1.4965446403057374,-1.0699701526664684,0.42615536760691697,1.4360959767290016,-2.6814468017904165,-0.4785692981514096,-1.9731094557364965,2.3612538921658697,-2.1131226859632104,-1.5828345131223074,-4.270682006906998,-2.4301323735095117,-1.5138416416353557,-0.20080091686327162,-2.8120669842074815,-4.175371827102673
Tvarožná04,1,1.3631293453131361,0.8364235224658625,4.097710335368502,5.218428408316898,3.312226952415279,0.16691810496295734,-0.0462919397519288,0.8668392318318574,6.471689927376162,-2.194275800984985,-0.8102362322521834,1.061044885149994,1.3799407448088115,-1.4107445589567709,0.041245061428514695,1.1739515614396003,-2.4970867550330658,-0.15856965281295743,-2.3086861521627293,1.7238546421448886,-2.067524095345841,-1.3823450844350722,-3.908073728743328,-2.067524095345841,-1.9693320691666285,-0.219194274629392,-2.860754734462769,-3.812763548939004
Tvarožná05,1,0.7234276455067663,0.37121469627148507,4.741331155214228,4.973445144718652,3.2522474823846945,0.015378092468480986,-0.5026897075604309,0.2584338061028042,6.455336244634446,-2.267842633343774,-0.7592094200316382,0.12880653337435,0.17390863197504203,-1.7101857098936843,0.012580887847420286,0.8343454462294586,-2.1952034497038024,-0.4933547506243787,-2.115650818001848,1.4708049801275722,-0.8545195998359629,0.5026033839836472,-2.2408139609558546,-0.8041433925108965,-2.2956221974508484,-0.5668375273841821,-2.947384161847941,-4.160406801693794
Tvarožná06,1,0.8988945529300789,0.8038853311778178,4.919342937736708,4.836806942092404,3.329599264086945,-0.07504654930499122,-0.37311601297257013,1.0414155183289306,6.061214037975316,-1.1354265534692871,0.28419374612245374,1.5384574873559176,1.0373469280027683,-1.2548093335077937,0.5086969169527027,1.3564887264731897,-2.786645999918342,-0.5110895793122161,-1.4342531904741342,2.098879483135069,-2.469405125225018,-1.5667998464361172,-4.108401839900662,-2.267852206503175,-2.6852935056580556,-1.1639628607342214,-2.914479371428227,-3.968639897525504
Tvarozna07,1,-0.026441593031298893,2.9089770293072332,3.6252624482408713,6.285357724065791,1.978299383884881,-0.04316838683661306,0.04002043243536768,2.148148547109769,3.5975833342543337,-2.487927968611201,-0.6421012781128699,0.16100110948321156,2.7813610105560103,-1.3092729722695546,0.05104590244707552,0.36309961172014216,-2.775610041062981,-0.7195887735912443,-2.5450863824511494,2.2759065050570273,-2.460528994423086,-1.2756563614705696,-3.0757146335133196,-1.235165000115833,-1.8229516650179516,-1.0025427048470794,-2.460528994423086,-2.333777288783942
Tvarozna08,1,0.9954027915852492,0.7453517873511153,4.763072664113675,4.111712770086864,3.43831201536155,0.3117407769893594,-0.8786142256458955,1.2022121659990672,7.121644551285722,-1.848418008645913,-0.4122202074275263,1.3997326969378339,1.2186824806710943,-1.3806097699636126,0.30633170362534745,1.2683408973103036,-2.2538831167540767,-0.18768680182426234,-2.1537996581970944,1.9943614673167787,-3.3791636525043494,-2.194291019551832,-3.2524119468652053,-2.114884241947422,-2.1778972097761553,-0.07138634612810169,-2.672593451612263,-3.899039111790257
Tvarozna09,1,1.3845056496077284,0.9243322787615407,4.381435076739862,4.437820184856492,3.544024025742095,0.45076090561308746,-0.37323396674966514,0.8331373311023222,6.892037411734612,-1.979247218302401,-0.775274413976466,0.5644388795838511,0.7259499138174021,-1.375445138078307,0.09053241246569677,1.3194345998341586,-2.6142867680550665,-0.516862723824798,-1.996489024736908,2.1558509600338285,-2.0685923186382524,-1.2001576079417315,-3.6503786997418413,-1.9051392461486802,-2.397615731246473,-0.07065483225428348,-3.1305032404559334,-3.6503786997418413
Tvarozna10,1,0.6417259077992767,0.5858974582463343,3.9898223767637373,3.9669368863335097,3.6159184692754605,0.2845660369941756,-0.037937922423381565,3.370192217278451,6.0923637412482465,-0.7709310115305268,0.011064804187067345,-0.00824910089546016,1.484204481750531,-1.2829187504766946,0.04347746906212713,0.17398216652097798,-2.027767305413531,-0.13453240873922034,-2.0779870623925563,1.7615113980122015,-2.086607805436464,-0.744568453320614,-3.6578245050503666,-2.308669690879932,-2.8285451501658416,-1.2523820266166137,-2.5318132421941426,-4.270928977936776
NDI 01,1,1.496944525981223,0.6525544896842206,4.619995963926371,6.229449259805662,3.6672122324700966,-0.02713353750172054,-0.1165785978536471,0.423635484911844,5.587184383435172,-2.8603468815579367,-0.8679167168677298,0.4388513321490981,0.6980269008480144,-1.081294063598996,0.4847610334531751,1.3147394446401988,-2.159652495362608,-0.16346998105385158,-1.9624052883519782,2.515632739253622,-1.6518389220666085,-0.6332693410720358,-3.312332005300994,-2.0195637021919266,-2.6932927968947693,-2.059569036805626,-2.5613652538522222,-3.958959170226046
NDI 02,1,0.8273384543270268,0.9013574334369796,4.276613833956407,7.051566247717485,2.990250886674467,-0.9047740058323139,-0.8477460125990071,3.3775165895420542,5.953574017209972,-1.3645019724998466,-0.0901989014359792,0.4462823110977876,1.3771771284898673,-1.6509456547004806,-0.4579236815612955,0.985278811830474,-2.832078967056594,-0.8455311722694532,-2.516562095611368,1.8146355331612103,-2.5524941048374323,-1.2858900849301929,-3.9634810785476944,-2.1229314451502077,-1.9756067303933484,-0.17136836979210557,-3.221543733818317,-3.198013236408123
NDI 03,1,1.5571504905250055,1.0982586530662388,4.420332072221761,5.824195613937958,3.5652647583950627,0.9913650172091231,0.26425403978969797,0.5775164907931165,6.059354921969139,-2.0677031315166774,-0.49748593223585935,-0.4796460141075283,0.7672056071247821,-1.2653566589917409,0.2184007352935753,1.0470934078497445,-2.568959304266518,-0.3985459843809558,-2.077365042428416,1.9788843865298542,-2.1477458391902156,-1.2740147217348552,-3.6210515772997356,-1.8758121237065728,-2.2812772318147383,-1.2653566589917409,-2.92790439673979,-3.6210515772997356
NDI 04,1,1.6720341874860312,0.8615600716196852,4.269030486262228,4.858039894336866,3.4165685688766723,-0.01472979620323489,-0.2647932469949623,0.1887250315137221,5.088643418774154,-1.841033090019467,-0.9879212597668436,1.042512702806298,0.6855115478061178,-1.1650389886857715,0.2800464396979532,1.294165311678861,-1.0820726908899498,-0.46843757325773794,-2.256754698294821,2.563360574801311,-1.9042119916409987,-0.9072098793836716,-3.3349581153317223,-1.995183769846725,-2.5829704347488436,-0.8860450681916285,-2.7884144089636527,-3.7404232234398878
NDI 05,1,1.0488982453673392,1.6188998174825242,3.883946991157505,4.772308867606062,3.406766165530839,-0.3012069473986765,-0.21801812812669663,0.31430426551829704,5.881674216949356,-2.7459665291732653,-0.7573314354516105,0.583257352863801,1.2414731155396348,-0.8446885341387205,0.06744418758677106,1.1649447474021901,-2.269042457082956,-0.39724028018136437,-2.06680559058806,2.595037758504539,-2.322152282396904,-1.3056049467830988,-3.333753194075384,-1.4932035606778973,-2.080990225580016,-0.48594105059801507,-2.7185675549851505,-3.23844301427106
NDI 06,1,1.5755747097075847,1.0939516607585533,4.6657848700507305,4.636844084568063,3.638237334258311,0.07801276570244298,0.008716219752179732,1.5049165589015718,6.3781743954098395,-1.8861284512965648,-0.21215201772489412,-0.023694024398574598,0.9559580654401367,-1.215970788961319,0.5449564577505255,0.8892971522784157,-3.0077302581893735,-0.4445714115016255,-1.9486488082778992,1.83846908541945,-2.350089766086339,-1.3178919203172361,-3.773198100328945,-1.9326484669314583,-1.856275488146884,-1.3050985688573258,-2.8569073684547908,-3.677887920524621
NDI 07,1,1.0307446556727227,0.7739464034476846,4.729431210333207,5.903742283710916,3.459377775204646,0.06211421789118354,-0.12530112162302753,1.3315633252088093,6.569929512821845,-1.764901546814606,0.22185793746717497,0.8290668944225432,1.0822863119686765,-1.4977640035944564,0.21130374978848465,0.8400892282370469,-2.4921152819381565,-0.3798040739285611,-2.179982113622211,1.7681911210395471,-2.286954233174379,-1.6349651251079411,-3.9717415828502673,-2.270953891827938,-2.6413276801248333,-0.9502568131938602,-2.6883951909828188,-3.92918196843147
NDI 08,1,1.2239157981936746,0.6673776409492724,4.2800998497897496,5.284381423095235,3.4019531586899387,0.06139438104487649,-0.3398848691306089,0.13962853635876904,6.177862292255261,-2.4068729497391583,-0.5955050091227276,0.39678741617037616,0.9992627135635788,-1.5371965330897623,0.05550458698881311,1.0711632311422195,-1.7438788073499012,-0.3261945495219267,-1.9785683496611721,1.571975563637869,-1.4460443634341011,-0.31268912632211965,-2.9789421987458677,-1.679659214615608,-2.457645275112583,-0.8093873708288992,-2.7878869619831583,-3.930951013222103
NDI 09,1,1.4315214017888955,0.49200952701137357,4.935632781985017,5.286396852167384,3.5057575314925877,0.3348503901196622,-0.22567490219860087,0.16997574692942852,6.312144094348368,-2.6428633779316506,-0.6747525188961445,-0.6510827748102397,0.9362809263854128,-1.4275268149553995,0.8152542939831875,0.8414489104410112,-2.1551601715865143,-0.2996848879723517,-1.809954254996546,1.4884098955235556,-1.4065616864903543,-0.21932567451994256,-2.8483073521464597,-1.6549166571510607,-2.6428633779316506,-1.5300664542715836,-2.560625279694678,-3.800316166622693
NDI 10,1,1.0028626724355725,0.3512468842161178,3.9185612531318768,5.478824185773041,3.304538654780195,-0.3565357237890856,-0.5983873037131628,1.6189016785780082,5.670438670995752,-1.0935986996776021,0.027069039013694507,0.16867623039758417,1.887323743490514,-0.3523322707734584,-0.09229388925138604,1.0768624604598003,-2.379474313050446,-0.727636034545684,-2.4118395975524773,3.8989036991043973,-2.259570385824924,-1.5008259227791658,-3.564519107490863,-2.0604417107145885,-2.753588891274534,-0.9480360999141428,-3.201613613801495,-4.1035156082235495
PI_655,2,1.3264556223269102,0.8131151777636534,4.729696125297671,4.900674180130392,3.192428137895003,0.39934227399460287,-0.20136758028971524,0.4272410791326591,5.651869189272103,-1.760504754249017,-0.3578357582573366,0.08557016760220826,0.7633353153713704,-1.0440464948206243,0.4833113055793712,1.2635949178405452,-2.5632141373204886,-0.5862134011951436,-2.234289106334658,2.2069351074589703,-1.9185939976552033,-0.5476096085067335,-3.1658473103396014,-1.946607033882878,-1.741812621236865,-1.5680149440258093,-2.7863576886346975,-3.8212541629166994
PI_1481,2,1.5551960435737984,0.5182372590058764,3.9472075637247834,7.1706298838738,2.7613539588050715,-0.49226245225298726,-1.0973898862712872,3.147932764284487,4.802811160219273,-1.8152296794216038,-0.5056691125331021,0.8542056855528264,0.4657602715903977,-1.8569990922978992,-0.14324386217624774,1.3827010475975792,-1.5634103281307272,-1.03715662836305,-2.665562443503962,1.5581603955378132,-1.6715229587554283,-0.851014959265866,-3.0344699558783272,-1.6834042866421814,-1.3480710023080995,-1.3062238923725982,-3.0192024837475397,-4.073363009844815
PI_1485,2,0.9881816874360876,0.20981068158595928,5.151565742990206,6.216276380396023,3.1385266397518605,-0.06541392616724817,-0.3035792191772959,0.4026575928135525,5.143894717132568,-2.25151845245939,-0.27888660658692466,0.6385899742963455,1.2699514035670036,-1.469978542938808,0.03818785532551505,1.3329215992929795,-2.626642843514883,-0.7168449434049462,-2.410419735045247,2.0132951854768484,-1.9096444471327576,-0.8200513853314968,-3.3838688807593496,-2.1311059122639815,-0.08531240470237922,-1.1020869153950672,-2.9686475977058215,-4.019857647479347
PI_2761,2,0.6128918497732148,0.3074175758969666,4.623712909833965,5.383286327360979,3.3320830780159305,0.2594718280749442,-0.24021468791995382,0.9804769776324473,5.522667013394376,-1.8067633587912821,-0.15788049281726657,-0.2971941052140572,1.0605058724835406,-1.4298857075350293,0.27595269918538623,1.2637950795998787,-1.7336971619166937,-0.14562407198029081,-2.131065059792239,1.6937119370168574,-1.7500909716923703,-1.058322151102547,-2.944013440164805,-1.6783470668335285,-1.7639608195565204,-1.5046092537309663,-3.0001029068158482,-3.6742018924051
MIV 03,2,0.7425270054936846,0.3903963763684297,3.8787250750503435,6.263036053467447,2.9748080004545483,-0.04613280451192914,-0.5649711423490293,3.0999088639317773,6.020233624782277,-2.2311823559728703,-0.7194336886999437,0.5131647654414921,1.0973023730998026,-1.9373312324943734,-0.1825318110180536,1.1063122388368711,-1.9373312324943734,-0.587677888975163,-2.5490174665953385,1.3428028315152885,-1.8390064799833885,-1.0748617496841133,-3.290954811324716,-1.796446865564591,-2.168812025246411,-0.5391155930988436,-2.502497450960445,-3.4619126094683557
MIV 04,2,1.625655413880522,0.46599086921924027,4.6327717868951055,4.1049960470422295,3.2960588652861977,0.22941072190746326,-0.8853309486905294,0.35628363232222426,5.523424294953688,-2.3816777713519484,-0.6635186600535175,0.3958492325284153,0.876037886832516,-0.25038615961983357,0.22722652009262223,1.621867872153663,-2.4118308095226366,-0.6268973053649809,-2.3239694537313023,4.1745941559625885,-1.8320123142696945,-0.6724393258118972,-3.3332366420635617,-2.013191666484871,-2.652992866339525,-1.1190625064135693,-2.7341184111518926,-3.6295024582067343
MIV 05,2,0.14271889455701725,-0.09675126402670742,4.145289321565374,7.527116822121702,2.8205515647808737,0.11309336782088586,-0.8643053500940514,4.728117478622516,5.768238730741155,-2.1929340693641333,-0.8313682410199661,-0.4402420683269881,1.0000933027739753,-2.0713269372693457,-0.2544405179638698,1.743725477556218,-1.1813331576856534,-0.6221652980891861,-2.7221265700001993,1.1225050683044602,-1.343176183136066,-1.0037248853437966,-2.9888907437902983,-1.7118569209989172,-2.9034729926359475,-0.6736472539243294,-3.0146986277461707,-4.194988947428548
MIV 06,2,1.133778810092144,0.16210412485710712,4.670415936415352,6.669710948804671,3.0329788789313534,-0.0068274245292698765,-0.24887823862581193,0.465142240399401,5.273307174679193,-2.689152734393044,-0.3309977902441874,1.0812335564993178,1.241271356405993,-1.215516363118006,-0.13155635123676657,1.4424519307829513,-2.462839608317555,-0.9282889394578708,-2.598180956187317,2.3791023603271775,-2.0658491272003623,-0.9974767237219719,-3.633614343233896,-2.4565304391242897,-0.964403975447949,-0.4963470771948604,-2.8249542755521055,-3.5000829506093734
MIV 07,2,1.1924300541269002,0.33094755874773973,4.5740097932854455,5.107512705997008,3.2028566320642238,0.3814522539844125,-0.342573657355457,0.1752942490359466,5.493548392808388,-1.9147294019744256,-0.23703647885819912,0.7346092398567539,1.3650613655167376,-1.4133095764953119,0.09875417191361269,0.9997005056213242,-2.209528942195072,-0.4130188702084183,-2.461660030382533,1.9754395116402756,-1.5813013077344413,-0.5887272711106553,-3.0702498229144153,-1.7395253129493353,-2.908406797464001,-0.5391303299712833,-2.789347437448014,-3.4230711975371575
MIV 08,2,1.6855997265960605,0.9580126024610642,4.272633411306932,4.28369146059776,3.4040565670369753,0.9630356352073379,-0.372383055252099,0.747172407261254,6.084815104845848,-2.073170746274428,-0.4312235552750323,0.7015895294788619,0.8311134451829556,-1.3416393227061665,0.22941434671961858,1.26553432850387,-2.145274040175771,-0.23469365247891272,-1.800823037822754,2.187056646398468,-2.0474182501720133,-1.1447796074661847,-3.682608658708528,-1.9818209676862004,-2.569607632588319,-1.1551423945017314,-2.906079869209531,-3.7270604212793614
MIV 09,2,1.4276394854689691,0.568662660217619,4.577738641299479,4.728654098777149,3.292383204966007,0.19000104006547858,-0.31181123994794824,0.4807163916740871,5.475129599525152,-2.2913379998022467,-0.5796212382477277,0.23267978010237922,0.9885444754587507,-0.7327436403494207,0.15951972523486635,1.5221388263878035,-1.9355181221832485,-0.5734673726733499,-2.3439817332876682,2.823323586938699,-1.619789931045763,-0.4868395047967615,-3.0832200210478806,-1.8385761769910172,-2.8050166925506446,-1.3530683612093162,-2.7908320575586867,-3.721307424424799
MIV 10,2,0.5266260247137646,0.08884558963967404,4.824479508232166,5.286100787425955,2.9716931969426676,0.4494466398562871,-1.708074230147691,1.2794202143424238,6.055467329055035,-1.7147483372353847,0.17137389344095588,1.0647916155523642,1.8576725385626212,-1.495182607269058,0.05291358041360983,0.9289220602916863,-2.251197065889272,-0.5485330313693773,-2.5725174974898835,1.4555560495410917,-1.7864553478515681,-0.8394656290886058,-3.2977529926013283,-1.8431906603524357,-2.3685031160846695,-0.38528418751723414,-2.7135960957497893,-3.4888082293640377
MI 01,2,1.9340467617867638,1.178326340774201,3.6856386216093155,4.319797046860798,3.1682307100453038,0.5305562097279584,-0.36363235243842773,0.5869731138201537,6.751060168872089,-2.137606389233267,-0.23521187761411522,0.014826429900216098,1.3077918874146803,-1.5946114825338844,-0.21814176184251188,0.6100342791399518,-1.8052635459540651,-0.0911550109560757,-2.002873795263109,2.074663648642609,-1.7847850146105246,-1.276665752442276,-3.3162613855749123,-1.7847850146105246,-2.260208711325599,-1.0074457428302308,-2.592342546348214,-3.6909548350163233
MI 02,2,1.0584497959556094,1.3369878094015846,3.862072317239817,5.213500970497429,3.452963859131342,0.4436245821711342,-0.22710900355191121,0.4349201415409878,6.602322428651598,-2.579136363770777,-0.5187100882044273,0.1813936421488771,1.400673306517457,-1.453495402714747,-0.016296711733088998,1.064917658963096,-1.9867938823327957,-0.5239594440905719,-2.04931423931413,1.8408588833293589,-1.9943984817180151,-0.9642339568645975,-3.573758938914839,-2.0333138979676892,-2.1782479226900247,-1.020271024972308,-2.7107127215594957,-3.0629333151488467
MI 03,2,1.6810017803261372,1.2640957179620802,3.8790554959982786,4.147642126511772,3.261185501070064,0.4110279172973472,-0.37907636812404455,0.7375046140868813,7.217916786392689,-1.94351691462741,-0.021704317151156616,0.10975175274840332,0.9041019734623639,-1.4735132853816735,0.054352973358614776,0.5774001726836238,-1.94351691462741,-0.1221986431578106,-1.897906403375356,2.266237499105519,-1.9913075784637586,-1.3896318014009728,-3.696055670702184,-2.1178703017721867,-2.262804326494522,-0.8493589763086797,-2.5597030540512256,-3.8631097553653495
MI 04,2,0.5213610883198303,0.6657594899533921,4.626333723484345,5.340389091867497,3.2470004909909607,0.13062582075471862,-0.35973439316858435,0.8005443611446044,6.270152837020424,-1.7612531814157055,0.2102993982529453,1.0331137109934554,0.9760615744638095,-1.5601693481662284,0.3453723236240851,0.6446676514878247,-1.8173426480667487,-0.5529714918653825,-2.4056101978062188,1.5953271347576425,-1.7016986506591163,-0.45661267365265434,-3.175199073866107,-1.7772901803255223,-3.0858539735302575,-0.941273129679459,-2.6775439132898615,-4.134455841623705
MI 05,2,1.4389445588197205,1.2743671811634876,3.9227913250956776,6.17094804013699,3.2403239216980513,-0.24069761228762854,-0.18007299047119307,2.000525726479175,5.6769086037065115,-2.19230578245758,-0.5302754199043083,0.384876143439592,1.0075910758128188,-1.2291314646845732,0.10022897468296499,0.9989932746403865,-1.9532888819870786,-0.5378945043807475,-2.19230578245758,1.3434224921621825,-1.892201190007241,-1.087048951070801,-3.4652714582704673,-1.9611940614941927,-2.0525438400824205,-1.412980905656581,-2.926274957537779,-3.7064335150873555
MI 06,2,1.1779702785445636,1.018648659301073,3.6505761774241483,6.6222481019653765,3.119943091695485,-0.11588334519895493,-0.8682193971492307,1.2622798235798927,5.956522950706157,-2.209002112186245,-0.5894460695865593,0.5572103929142607,0.805202559003189,-1.8321922598384566,-0.2925781287853946,0.5907565154054648,-1.604408328967744,-0.4798996959960551,-2.5137786179973256,1.6549338716402922,-1.4907490104952226,-1.0527607106814978,-2.6229779099623167,-1.2239445230649961,-2.1121522861963262,-1.0058771247826472,-2.5137786179973256,-3.8886442832935932
MI 07,2,1.385521824764985,1.3377407011382347,4.094390244922799,4.676232137019593,3.060333516505545,0.022688159450457768,-0.7095944500530882,0.3042213019549438,5.541672665987783,-2.0588878547580105,-0.47192279817596905,0.3897566639164536,0.9827815139830056,-1.6225647582899416,0.11819215648574133,0.9696342416189712,-2.225941939421176,-0.7185031949421985,-2.4143425422915143,1.7637900503342854,-1.6852633525055047,-0.2757121292213469,-3.132182335441831,-1.9232219896048548,-2.5725665475064083,-0.12897804704913884,-1.8374551678474305,-2.8698180709743397
MI 08,2,1.5435913919618933,0.7750907539707699,4.39909929538682,6.768695747140107,2.967577564736737,0.2399324838368493,-0.31360081841059184,1.097795384630273,6.712269129286888,-2.1043736077362025,0.5389013578232609,1.105467443359868,0.9401488299872209,-1.7248839860312986,-0.21676617971801893,0.6611636842836894,-2.003163705804689,-0.4296578025966511,-2.4384817770625338,1.7774951519369022,-2.2997983895285836,-1.6066512089686382,-3.8002851181741297,-2.3979904157077963,-2.4059585853569745,-0.8507656877752696,-2.7916210661689584,-4.143229869300959
PET 1,2,1.2559317862047648,0.43900275175918235,4.024725437475994,4.839102571609278,3.185499771999524,0.9299308494508471,-0.4413256343045031,0.5464755270313377,5.399449792901828,-1.9379680525932592,-0.7273507055486546,0.41075819639864175,0.6622494437057354,-1.4008251205098947,-0.10183733933380701,1.0791995016807974,-2.225650125045039,-0.7076779399499493,-2.4961959152538338,2.300877607024385,-1.6544613515519586,-0.5310544042706331,-3.2807773017734103,-1.9892613469808094,-2.882429661434111,1.4333426953186965,-2.987790177091936,-3.141940856919195
PET 2,2,1.114055392275108,0.6427481666195263,4.065090642628995,4.046513331582158,3.389774739983354,0.32185270918067577,-0.15858667203056598,0.40405789156701744,5.912529279632688,-1.913617447150619,-0.45541050444044195,0.7325158745278921,1.0140613631583566,-1.0245957433920152,0.06597144959126311,1.134241107094815,-2.4805700251498966,-0.3631972611466505,-2.2430966482808614,2.866881089147658,-1.6215590000990385,-0.4595004896919672,-3.1040372850718505,-1.890495029729765,-2.636440395856681,-0.826770000062095,-2.6126297471629627,-3.919786787724128
PRE01,2,1.1338201779079577,0.8377804526542851,3.6248033262255634,5.224492600437804,2.925873845133385,-0.2006261877184068,-0.5763651155613712,2.9603201350226183,6.225243657875232,-1.3737886329383349,-0.37836058050545596,0.5560712384393494,0.9676598814764947,-1.5641922977607416,-0.10045150909294609,1.044168611127784,-2.5167119679313545,-0.9944619705754354,-2.5363204393197316,2.2378820713436314,-2.127560435314714,-1.0008381877147112,-3.4137713378776224,-2.25360115621008,-1.9365051985520045,-0.04237882047381891,-3.1260892654258425,-3.5960928946715773
PRE02,2,1.288432249058432,1.7069670323917938,3.7981806346603104,4.895240350343336,3.447189334532638,0.12672564324758895,1.3988383799228332,0.14781605590524904,5.629707817306199,-2.422364350973841,-0.7772083559376606,0.5256567215751051,0.8470317423015752,-1.3087141849411896,-0.04957499930654574,1.067232332952793,-2.9107171188877716,-0.854695851416035,-1.9870462797159947,2.141983840493996,-2.595636072247877,-1.4107634392953603,-3.2108217113381103,-1.3702720779406237,-1.9580587428427423,-0.7641362743703075,-2.595636072247877,-2.8053566032299466
PRE03,2,0.2598192751562882,0.582362991526348,4.487523916661585,4.947867049643843,3.4015418272982982,0.5072555190395418,0.09355660600427385,0.822066258879576,6.082443726717703,-2.1663932553453353,-0.3921780957681902,1.1013555459982527,1.630300223848237,-1.4893165448179992,0.34261669709789544,0.27683555875455657,-1.673111941230255,-0.4545557281364223,-2.180992054766488,1.1627008324154762,-1.4251462799909795,-0.9580820494208009,-2.8859736929734368,-1.6660572382503638,-3.0682952497673917,-0.5674449495822547,-2.5894026731044093,-4.1812962758876004
PRE04,2,0.5240144512234837,1.1139656191351754,3.734512921979566,4.105032371396123,3.0288547219298776,-0.12359812962679584,-0.41612282655436506,2.8284937404272403,5.7529887069669154,-1.2634206869415685,-0.2911228689793113,1.3836947040034522,1.4363972319669145,-1.5078242376826276,0.020744179101942706,0.858395042042031,-2.542414667585806,-1.0128256831521236,-2.4016421137047246,1.5929379183636714,-2.0063293770605775,-0.9423226175699435,-3.359175804112928,-2.1604800568878364,-2.3620329756096776,0.3531117408990232,-2.902417401617214,-3.4414139023499004
PRE05,2,1.1286549400670838,0.818062590355427,4.12033008700513,7.044380369060557,3.139795965664516,0.15269122803004098,-0.5028732413808612,1.909906973182932,6.578426286006167,-1.7164549048134337,-0.08181988133379914,-0.7823920031934808,0.45790489034785775,-1.837259742898734,-0.26427594616481187,0.9735015528460771,-1.350854395269197,-0.8352554927505498,-2.3493832253803255,1.564326668140045,-1.5662528974415917,-0.5246244873132238,-2.8013683491233827,-1.412526215924693,-3.055602487507622,-1.956990198839513,-2.8976994580618136,-3.952348623308808
PRE_11241,2,-2.08086809103402,-0.7425052580776477,4.170767285002488,2.9759209301654064,3.565883366183276,1.4355033439628082,-2.0144060655673535,1.5138634223060192,7.592037143981883,-2.033862863534134,1.8136273181043663,4.293428608267861,3.3603514501322076,-3.363699470272275,0.19850367383559409,-1.9396647811695367,-1.3960801594283954,0.4216443147620961,-4.599512880453869,1.7021532605357637,-1.91017629983107,-1.19110138710451,-5.130141131516041,-0.7010991209638675,-3.8773781630206727,2.117405512538296,-1.3434844296776252,-2.8371095281270673
PRE_10725,2,0.3461705783321305,0.8864300543932302,4.572101855825243,3.650681446131089,3.32134399197902,-0.3771950766188503,-1.33964554960167,3.366242261887987,6.954629009771749,-1.3390809639990326,0.5451740392029478,1.693771634451549,2.7404231687388405,-1.4047447600468939,-0.11720921685922381,0.67677147577181,-1.7219118865362795,-0.6763095135401844,-2.0681437606032294,1.8036404620819084,-3.8401949764601238,-2.6553223435076063,-4.455380615550357,-2.6148309821528706,-1.004411488135574,0.12178919322084347,-3.8401949764601238,-3.2245930617163694
DV vz1,2,0.9056369972407952,-0.3269004329157834,5.678108548325957,6.511385522640859,3.721467979087488,-0.45451347726719504,-1.5988012404054883,1.982885520514773,5.1037324615381845,-0.7131462008321758,1.545279355905624,2.7869253039028257,-0.6566828527144892,-1.9028146151951413,-0.37990596399061705,0.2715805183212403,-2.1501297885111006,-0.995119281576005,-4.183908055292005,1.3093447277666233,-2.2915285534680274,-1.3030285926404597,-2.3221141656741535,-1.421812800347877,-2.7349316746795465,-0.14470681055327628,-3.0689689924124446,-3.167333436768648
