Sample ID,Ti,Mn,Fe,Cu,Zn,As,Rb,Sr
NDI 01,0.895455141013421,0.4501186013146165,2.1534690803698187,0.9258428146117136,0.9007559801115436,-3.9430322655295313,-1.8135337153279911,-0.3238478010743577
NDI 02,0.5652792942436444,0.7269035685128094,2.1581848197760545,0.9618858911258448,0.9367990567030248,-3.274885545218554,-2.2121005369944484,-0.6958330781375333
NDI 03,0.8659287907713109,0.5423995456543906,2.30997498555991,1.0387755415962086,1.013688707189635,-3.686536716652694,-2.019087710602752,-0.9050346536024724
NDI 04,0.7226753265899308,0.432432442340986,1.65497112288876,1.0252336420704031,1.0001468075300193,-3.294217283731473,-2.08638359988608,-0.2980654231879733
NDI 05,0.614228903007545,0.5367504127978058,1.905147729625648,1.044893209607317,1.019806374921991,-3.320455549412952,-2.170068359452364,-0.5430894794452268
NDI 06,0.8080763032325042,0.4161742605493219,2.552970366913202,0.8744811320372645,0.8493942973777178,-3.3937781209182307,-1.852276651119643,-0.9528805319781806
NDI 07,1.1253317659553823,0.555362328650745,2.8591901087499654,0.6992869415762559,0.6742001069380632,-3.658920925286151,-1.9247351118694644,-0.9435393538243866
NDI 08,0.7783001170569563,0.5562979834353086,2.4674350477768496,0.8083637914315647,0.7832769569684204,-3.5079935112407363,-2.05764421116425,-0.5027068554860432
NDI 09,0.8255029350010772,0.5495654951235975,2.428998491591904,0.749061408366769,0.7239745737211134,-3.3810363075348517,-1.7196245090441544,-0.8192026732927777
NDI 10,0.9842477619672292,0.3902658648067665,1.9936743167319328,0.8978379307089268,0.8727510963696079,-2.9888071269431653,-2.391790965715319,-0.4792442366424145
