Sample ID,Li,B,Mg,Ca,V,Cr,Co,Ni,Ga,Y,Zr,Nb,Ba,La,Ce,Pr,Nd,W,208Pb,Th,U,Ti,Mn,Fe,Cu,Zn,As,Rb,Sr
NDI 01,1.496944525981223,0.6525544896842206,4.619995963926371,6.229449259805662,-0.0271335375017205,-0.1165785978536471,-2.8603468815579367,-0.8679167168677298,-1.081294063598996,-2.159652495362608,-0.1634699810538515,-1.9624052883519785,2.515632739253622,-1.6518389220666083,-0.6332693410720358,-3.312332005300994,-2.0195637021919266,-2.6932927968947693,-2.059569036805626,-2.5613652538522222,-3.958959170226046,0.895455141013421,0.4501186013146165,2.1534690803698187,0.9258428146117136,0.9007559801115436,-3.9430322655295313,-1.8135337153279911,-0.3238478010743577
NDI 02,0.8273384543270268,0.9013574334369796,4.276613833956407,7.051566247717485,-0.904774005832314,-0.8477460125990071,-1.3645019724998466,-0.0901989014359792,-1.6509456547004806,-2.832078967056594,-0.8455311722694532,-2.516562095611368,1.8146355331612103,-2.5524941048374323,-1.2858900849301929,-3.9634810785476944,-2.122931445150208,-1.9756067303933484,-0.1713683697921055,-3.221543733818317,-3.198013236408123,0.5652792942436444,0.7269035685128094,2.1581848197760545,0.9618858911258448,0.9367990567030248,-3.274885545218554,-2.2121005369944484,-0.6958330781375333
NDI 03,1.5571504905250055,1.0982586530662388,4.420332072221761,5.824195613937958,0.9913650172091232,0.2642540397896979,-2.0677031315166774,-0.4974859322358593,-1.2653566589917409,-2.568959304266518,-0.3985459843809558,-2.077365042428416,1.9788843865298544,-2.147745839190216,-1.2740147217348552,-3.621051577299736,-1.8758121237065728,-2.2812772318147383,-1.2653566589917409,-2.92790439673979,-3.621051577299736,0.8659287907713109,0.5423995456543906,2.30997498555991,1.0387755415962086,1.013688707189635,-3.686536716652694,-2.019087710602752,-0.9050346536024724
NDI 04,1.6720341874860312,0.8615600716196852,4.269030486262228,4.858039894336866,-0.0147297962032348,-0.2647932469949623,-1.841033090019467,-0.9879212597668436,-1.1650389886857715,-1.0820726908899498,-0.4684375732577379,-2.256754698294821,2.563360574801311,-1.9042119916409987,-0.9072098793836716,-3.3349581153317223,-1.995183769846725,-2.582970434748844,-0.8860450681916285,-2.7884144089636527,-3.740423223439888,0.7226753265899308,0.432432442340986,1.65497112288876,1.0252336420704031,1.0001468075300193,-3.294217283731473,-2.08638359988608,-0.2980654231879733
NDI 05,1.0488982453673392,1.6188998174825242,3.883946991157505,4.772308867606062,-0.3012069473986765,-0.2180181281266966,-2.7459665291732653,-0.7573314354516105,-0.8446885341387205,-2.269042457082956,-0.3972402801813643,-2.06680559058806,2.595037758504539,-2.322152282396904,-1.3056049467830988,-3.333753194075384,-1.4932035606778973,-2.080990225580016,-0.485941050598015,-2.7185675549851505,-3.23844301427106,0.614228903007545,0.5367504127978058,1.905147729625648,1.044893209607317,1.019806374921991,-3.320455549412952,-2.170068359452364,-0.5430894794452268
NDI 06,1.5755747097075847,1.093951660758553,4.6657848700507305,4.636844084568063,0.0780127657024429,0.0087162197521797,-1.8861284512965648,-0.2121520177248941,-1.215970788961319,-3.007730258189373,-0.4445714115016255,-1.9486488082778992,1.83846908541945,-2.350089766086339,-1.317891920317236,-3.773198100328945,-1.9326484669314583,-1.856275488146884,-1.3050985688573258,-2.8569073684547908,-3.677887920524621,0.8080763032325042,0.4161742605493219,2.552970366913202,0.8744811320372645,0.8493942973777178,-3.3937781209182307,-1.852276651119643,-0.9528805319781806
NDI 07,1.0307446556727229,0.7739464034476846,4.729431210333207,5.903742283710916,0.0621142178911835,-0.1253011216230275,-1.764901546814606,0.2218579374671749,-1.4977640035944564,-2.4921152819381565,-0.3798040739285611,-2.179982113622211,1.7681911210395471,-2.286954233174379,-1.6349651251079411,-3.9717415828502673,-2.270953891827938,-2.6413276801248333,-0.9502568131938602,-2.6883951909828188,-3.92918196843147,1.1253317659553823,0.555362328650745,2.8591901087499654,0.6992869415762559,0.6742001069380632,-3.658920925286151,-1.9247351118694644,-0.9435393538243866
NDI 08,1.2239157981936746,0.6673776409492724,4.2800998497897496,5.284381423095235,0.0613943810448764,-0.3398848691306089,-2.4068729497391583,-0.5955050091227276,-1.5371965330897623,-1.7438788073499012,-0.3261945495219267,-1.978568349661172,1.571975563637869,-1.4460443634341011,-0.3126891263221196,-2.978942198745868,-1.679659214615608,-2.457645275112583,-0.8093873708288992,-2.7878869619831583,-3.930951013222103,0.7783001170569563,0.5562979834353086,2.4674350477768496,0.8083637914315647,0.7832769569684204,-3.5079935112407363,-2.05764421116425,-0.5027068554860432
NDI 09,1.4315214017888955,0.4920095270113735,4.935632781985017,5.286396852167384,0.3348503901196622,-0.2256749021986008,-2.6428633779316506,-0.6747525188961445,-1.4275268149553997,-2.1551601715865143,-0.2996848879723517,-1.809954254996546,1.4884098955235556,-1.4065616864903543,-0.2193256745199425,-2.84830735214646,-1.6549166571510607,-2.6428633779316506,-1.5300664542715836,-2.560625279694678,-3.800316166622693,0.8255029350010772,0.5495654951235975,2.428998491591904,0.749061408366769,0.7239745737211134,-3.3810363075348517,-1.7196245090441544,-0.8192026732927777
NDI 10,1.0028626724355725,0.3512468842161178,3.9185612531318768,5.478824185773041,-0.3565357237890856,-0.5983873037131628,-1.093598699677602,0.0270690390136945,-0.3523322707734584,-2.379474313050446,-0.727636034545684,-2.4118395975524773,3.898903699104397,-2.259570385824924,-1.5008259227791658,-3.564519107490863,-2.0604417107145885,-2.753588891274534,-0.9480360999141428,-3.201613613801495,-4.1035156082235495,0.9842477619672292,0.3902658648067665,1.9936743167319328,0.8978379307089268,0.8727510963696079,-2.9888071269431653,-2.391790965715319,-0.4792442366424145
