Sample ID,Region,Li,B,Mg,Ca,Ti.1,V,Cr,Mn.1,Fe.1,Co,Ni.1,Cu.1,Zn.1,Ga,Rb.1,Sr.1,Y,Zr,Nb,Ba,La,Ce,Pr,Nd,W,208Pb,Th,U
ELS01,1,-0.3847739266543062,0.1672550689310297,4.2405318187405,7.092941142053064,3.190071171932682,-0.6242154763872341,-0.5724658545976018,3.112208553194505,5.284883993467925,-1.719513760365306,-0.003772848511062854,0.65971066040869,1.8363304559345828,-2.16937423741677,-0.5537299435401319,1.6055758140680094,-1.351979874580552,-0.6217289438172298,-2.410182624910785,0.35837570898681825,-1.3033533631403937,-0.9591950516482974,-3.311731075047737,-1.9786574101327563,1.650857680759839,-1.3728139614833932,-3.299609714515391,-3.9117878325416697
ELS02,1,-0.18241308541436485,0.3202391417764101,4.239024231261891,5.010291327873924,3.372853842366653,-0.4737300887747793,-0.5263909389532566,1.3157045352763772,5.166518215608336,-1.2356892108410849,-0.007454107895105366,0.9090749745939304,1.5660663305135536,-1.6256710072789033,-0.16412418174874688,0.45727141319534237,-1.1301930191773524,-0.515106385086952,-2.304887614302902,1.4048208331839334,-1.819683888534187,-1.0674876791214416,-3.3164885259813817,-1.86446749116116,1.1782357719656043,-0.641590532196072,-2.911023417873216,-3.8679851894782997
ELS04,1,0.7807844093986835,0.5199633551139975,3.7030641812023535,4.5250370329680285,3.5890378048661433,-0.3581302582934489,-0.5036601950768,0.8449144717199335,4.9338778216380526,-1.4916682298155317,0.5306996545612535,1.212724956336218,1.888070976211894,-1.7205921440452414,-0.19974788741189986,0.37502225688019575,-1.588420370936758,-0.17627263099053359,-1.9891348762863252,1.124485745967167,-1.6850011989425386,-1.3346398501606584,-3.2301191455890805,-1.5209100794100294,2.1850336310751697,-1.3722854497770252,-2.8523566400302514,-3.4908454080523335
ELS05,1,-0.15305217983347497,0.644089036957916,4.571524373355034,4.496087981755503,3.7674224051264917,0.09935098018262689,-0.13226141016440174,0.36780697292209297,5.650613653329016,-1.2370656690804323,0.27822081223056205,0.5109632781417721,1.1090706100547045,-1.525438110907234,0.31353174333073497,0.6742389507974051,-1.330307595820698,-0.18651916932371293,-1.8758187775745796,0.8866700928304079,-1.7403285204647236,-0.8199366208463532,-3.060373496043413,-1.6363388069406755,1.9091726738395334,-1.6967705461255935,-2.5267331945112517,-3.9830951182478582
ELS09,1,0.1069817018899526,1.490959827898414,3.4681581955084892,7.506718000599149,2.615602397458405,-0.898649042802024,-0.6473346145211174,3.1751991991936306,4.8477205343211,-1.9450755782995621,-0.5142373438916916,0.48876076740173335,1.440750023314739,-2.130792724094656,-0.8090368841123361,1.189497063515888,-2.033628975641008,-1.313082820892948,-2.7175595010960283,0.18446680979611774,-1.0953593370480768,-1.1628006178436099,-2.887118806276133,-1.5829072759447218,2.2171124191661455,-0.9091203426693184,-3.1604121412758133,-3.3484643727787535
ELS10,1,0.4820508927738647,0.5248095772517587,4.225174488019679,4.399960972186573,3.3386191680154034,-0.08975493365361231,-0.6030018661086132,1.9487292002670706,5.958927057528354,-1.0237344463475662,-0.2117791147159913,0.7183498518233487,1.2515585043584725,-1.6571623922058896,0.04521134197207477,0.36063498636274005,-1.3248395391314878,-0.4575468932489084,-2.302209777971423,0.9847892954357338,-1.5067453819306795,-1.059760268604328,-2.9157393305666774,-1.4992919312760984,2.3517505721861003,-1.6629763620713094,-2.7385328744394917,-4.242610271215766
ELS12,1,-0.2707135117859636,-0.1523722846554172,4.080666103124267,7.8542290991951065,2.578128096304792,-0.6877310949452795,-1.020723554240453,3.9941630751151687,5.644502195643019,-1.1047000275349284,-0.05868680057809428,0.6524451824111948,1.2115923429070365,-2.1628209548483017,-0.5205932195912091,1.3169528585648633,-1.1731027544193289,-0.862240112002441,-2.982719841047391,0.42099688691761816,-1.1205270967704148,-0.9327627800466907,-2.8003982842534363,-1.3257795946282869,0.7266244481877333,-1.2609189604262454,-2.9990689790489196,-4.565489506399329
ELS13,1,-0.2373488077046053,-0.16713209565368903,3.9774366965595194,7.577829196000129,3.0033877173626644,0.06338149038525565,-1.046443824286757,3.0386446105116516,5.449574242755399,-1.4482029368006044,-0.4910803460898636,0.22500254615081428,0.9413627065673689,-2.075733262913526,-0.48306332602253743,1.1073119389030026,-1.017975045235981,-0.5591604848934013,-2.536999195731057,0.8257390874376327,-1.2397162122674628,-1.047269247362924,-2.79461285743995,-1.351884410039518,2.1577370986975186,-1.4618592632480896,-2.953514140025807,-4.535553078271792
ELS14,1,0.044141697836385774,-0.0969154091436053,4.355464271329215,7.706454786438879,3.1470254355336147,-0.14586891862539098,-0.8102736303196814,3.019037831480575,5.56646890702659,-1.2869662477162134,-0.5151195430292006,0.31221793213837135,1.0574175438753874,-1.857717632413392,-0.17767294962776958,1.4432962731886345,-0.9866131154360893,-0.6244858655492411,-2.3358300587730803,0.8738078251101848,-0.8390160991853364,-0.33145480268877847,-2.592082768694569,-1.2045515490372818,-3.505901311423335,-1.0240858542050066,-2.7883626777392294,-4.34500240460636
ELS15,1,0.15151022886456467,-0.03081132792939023,3.841028367864769,7.612371475557637,2.93124925258687,-0.31878974058188714,-0.8347659304092945,2.780677543267948,5.290191217607565,-1.6857116144402484,-0.534992408976712,0.0028383401744358494,1.2062093304427464,-2.012924525648665,-0.40866126900458166,1.322270898984387,-1.4179949732341646,-0.7601615571532969,-2.7125442207142276,1.087894032416842,-1.254231267190847,-0.677074922590486,-3.0766679886659505,-1.6695636280322654,1.726663374442973,-1.0304836687425967,-3.1956199315273155,-4.31550961864271
ELS16,1,-0.28122632988715246,-0.17251103421247915,4.433510064903039,6.995395958119167,2.8622635790057176,-0.311974909056576,-0.8391817540060256,2.153351860902413,5.450156703492121,-1.1605429334656812,-0.2517535762918284,-0.08503051698270969,0.8985642559474121,-1.9104299426773785,-0.27460135166283983,0.8297416117142546,-1.4698085775846366,-0.6796996891818932,-2.675803627291341,0.73719963337654,-1.1464084225307758,-0.583789629335584,-2.862181984780909,-1.4340904949825575,3.076434786932251,-1.3287299793247307,-2.9329185358726875,-4.423991848225755
ELS18,1,-0.6952650005491376,0.04883934621831454,4.314777636008623,7.846947313472652,2.718376414386033,-0.5651936571987983,-1.1771386512166204,3.6204690238164092,5.555361700019876,-1.1184363538681277,0.0864482353397591,-1.06191161345411,0.8143567027046785,-2.2928245253606105,-0.44660948534283573,1.2975385074345587,-1.1954430060786327,-0.9374459753633593,-2.8450873389907736,0.20339549994874595,-1.0947732779381107,-0.8090418818746992,-2.6800075886313257,-1.0629897806744557,0.9892512868319621,-0.8233699820287788,-2.66919667252711,-4.429207443440585
ELS19,1,0.07260983337770455,0.13909248046057776,4.120339381261445,6.7041890403934925,2.9564002476483893,-0.517281754581397,-0.8448947363958439,1.9373887422922422,5.408620650171782,-1.5180011660723425,-0.3146237770661715,0.15523094293947093,1.0972489298639925,-1.9660258885993036,-0.25284367270726715,0.7145275649591039,-1.7541254288592745,-0.6120814884636756,-2.659173069159249,1.1891226801697359,-1.3173304706101918,-0.956120371506068,-3.240767763813447,-1.7899348815559852,1.9612222391074958,-0.6844021500433017,-2.8502283059219584,-3.9339149443733925
ELS20,1,0.17231821048777807,1.8642456142971415,5.849678959957567,7.5903046690730545,3.0257455019631996,-0.8092190071552876,-1.5697415901880047,2.3516915462062196,4.842235892591935,-2.0507142508043144,-1.1383527970700476,-0.38782850392680057,1.0067953824459206,-1.9394886156940894,-0.9685767993397087,1.6017249348604192,-1.863502708716168,-0.7567932098154388,-2.5325523376970525,0.7126407954885217,-1.7340446414792803,-1.5281925872751314,-3.6799547905345937,-1.7128424338286772,1.9800499367757114,-0.9011355185441774,-2.615244053542166,-3.27448968242643
ELS22,1,-0.18907732682061784,1.4319565714586462,4.583590293102644,8.782257014606866,2.6443047129370703,-0.8120850659227887,-0.8614101324852914,2.218160574486509,5.0489195064706065,-1.9544201656047306,-1.9053640086155372,-0.5667301308458654,1.4310111237187488,-2.5879290798449457,-1.3396875960684227,2.9544896286087328,-1.2474031371806351,-0.7633797877938999,-2.313492234143185,0.09597222047795739,-1.4020130592662507,-1.1756592323217934,-2.865139852429431,-1.3860637578585742,1.0696769449995793,-1.0873666251761147,-2.630946464928636,-3.3131645749563905
ELS23,1,0.8832334326672058,0.7793435055097016,4.185975517224228,4.674965292872696,3.588675378715458,-0.07102052518304536,-0.23409597995384157,0.7132853389903442,5.294855035584584,-0.9622621868133683,-1.8933367148717606,1.1808822282055145,1.7384938312961005,-1.4061935757493291,0.09351700186060441,0.7388582164824573,-1.9592946826635584,-0.2535140658109434,-2.1124988408867855,1.9578289288921757,-1.502157564011073,-1.1063310847406767,-3.237958379591084,-1.8019025089121286,0.7357930799830807,-1.333720926936338,-2.7477520430278277,-3.574430616212296
KON2,1,0.969405895007954,3.2949472230558543,4.2836679713400185,8.97739209617588,2.4389563341756704,-1.3083845393728755,-0.09425936358292297,2.0582073131118035,4.02993816178886,-2.1091623841251863,0.036237125346445964,-0.07030612256042978,1.455235512884145,-1.9043679714791732,-1.3500572357734448,2.5913179816672294,-1.0105500954570772,-0.5088569552543589,-2.635255480021966,-0.6569100552134994,-1.3715634409944073,-2.4921546363812936,-2.204472563929512,-2.7152981876955025,-0.8057556828110641,-1.0570701110919707,-3.5907669250494028,-2.1091623841251863
TAU02,1,0.9270735231953555,3.6934110759704497,3.191399317561875,5.77483331799152,2.7343522175710118,-1.0129886559775345,0.20113651981241976,0.5758299692538307,4.325334045184201,-2.2657516244729017,0.3316330087417887,0.22508976083491294,2.124278610061501,-2.132220231848379,-1.054661352378102,3.1324110770448503,-1.9603699749217203,-1.378448429471999,-2.3398595966266242,0.9502629681142665,-2.132220231848379,-2.19675875298595,-1.9090766805341701,-2.4199023043001606,-0.5103597994157223,-0.761674227696628,-3.295371041654061,-1.2672227943617749
KRS01,1,0.07471684273693668,2.421647128258555,5.002236903325247,4.743091940412457,3.1003885808895624,-0.33074826537122703,-0.8306048577666445,-0.4559114083252336,5.7217301011623745,-1.8094159466221331,0.18813305922698031,0.7137287169201976,1.3482705809013789,-1.9475662851029512,-0.8428001308604625,1.101355631779957,-1.2452024494380813,-0.760400599093396,-3.3716009742056876,1.3126647254471644,-1.382673440066684,-0.6135403525288163,-2.8010561157380742,-3.451643681879224,-1.046201203445471,0.4899381257904656,-4.327112419233124,-2.1298878418969043
KRS02,1,0.5346956845083666,2.491611447400282,4.668125522760226,4.649072986552687,3.4861522363334534,0.2628499933194872,0.8487865189334443,0.5032195524063487,6.233262704359323,-2.292899667243627,0.26469671591265165,-0.9006705706039213,1.5778051888537883,-1.4662210940591587,0.3763107005423194,0.9410993191987949,-2.2463796516087333,-0.47760970060537744,-2.0415852389627203,1.4402244886680666,-2.504208760910834,-1.7265041923228255,-3.0348370119730044,-3.545662635738995,-0.9491649205425317,0.08972813342395547,-4.421131373092895,-2.9395268321686787
KRS03,1,-0.07343437161487465,0.7064427732411307,4.131392625899534,8.735610437464885,2.792665963037382,-0.9071316497447501,-0.264459990595066,4.341125640418939,5.129699987683595,-1.7449752067928266,-0.49735804725086297,-0.517332658380985,0.9373988642921338,-2.3970609005549974,-0.8371030453842678,1.6776476871502437,-1.1312471758641394,-1.2425681534924315,-2.8926771056574587,0.01895549973803412,-1.2870199160632652,-0.8802929781346798,-2.911725300628154,-1.554701321808377,-2.538836362954603,0.4314082800792409,-3.513064931934977,-4.4650737464112105
KRS04,1,0.5617683272278242,1.6647190174945319,4.435005307620814,8.047427864683074,3.063323064974183,-0.05200526579060849,0.155215671432261,1.1283987921626313,5.357570850235168,-2.906870335229863,-0.6112864376948011,-1.5381717360003524,1.0599050911821326,-1.7554155651873735,-0.04666479915929145,1.4241689558007842,-1.6311178485097972,-0.74649203127961,-2.3914043319073706,1.0326773435883725,-1.705225820663518,-1.1546417047584434,-3.171562889456945,-1.6913367085028526,-2.2736212962509867,0.00901301032370938,-3.057152538279201,-3.2023345481236998
WROT_01,2,0.585162377266589,0.5374063619465241,5.0501588485582865,4.009598753640475,3.736809190295937,0.37619935586244946,0.022189167010867372,0.8964630591257476,6.134571828003289,-1.35088690302317,0.08995303383677289,0.1895581379239788,1.2894682853076889,-1.288244117050498,0.6312981215216587,0.14076797375454664,-1.6205504699722733,-0.4521226030657477,-1.9496425992958626,0.788347066404981,-1.4005865715754426,-0.4000483636951264,-2.9807336870884784,-1.4986606523632355,-0.8584104179253762,-1.5368514510956262,-2.4555782377676616,-3.8665652114779236
WROT_02,2,0.563420185413289,0.30991542393041094,5.207559686947709,4.067032105138338,3.3721195306041314,0.4635312793861024,-0.09062816384938088,0.3658254689990317,6.1950265615811775,-0.8635641483110277,0.6957956421791254,0.9223107875701047,1.416210498100245,-1.4030322359423382,0.48060098359145975,-0.1475774757812589,-2.0924129337068065,-0.6548252781993664,-2.2687374710283867,0.7438916029190823,-1.2640909747786093,-0.4381310505650635,-2.8238789785688896,-1.4201592007351396,-0.6601968220012768,-1.443461225937983,-2.455553417410182,-4.092390304032397
WROT_03,2,1.0741855598474679,0.815406467098633,4.115358684513211,4.094590760371191,3.492021564202322,0.28717992971638395,-0.26867520784071974,0.5451702123607616,6.183147001112464,-0.9091390250581028,-1.5045795395116706,1.5801568051486603,0.8201000871886182,-1.678426469314653,0.14244108407147227,0.3373200772160505,-1.2603825789996286,-0.6407025503215555,-2.230161995824769,0.8001309527946878,-1.7505889155628829,-1.1098097205202544,-2.7336883171091486,-0.9179756068586018,-0.18140626484837785,-1.0574417350029384,-2.566634232445983,-3.5629676719936754
WROT_04,2,0.6853316316720317,1.2136504128855394,4.45240641055575,3.795562111301002,3.40589353326781,0.43975040542363786,-0.323049494882107,1.21151854059951,5.72324540068762,-1.2315909805100285,0.10709672634252954,0.4075760483957813,1.152493248928633,-1.1736531434038096,0.38134956247527363,0.168640888453643,-0.9334376081909523,-0.3090043201790591,-1.9568264756214742,0.7536362718861191,-1.7250248615641501,-1.2673090631121084,-3.888347887224688,-1.1507388838809343,-0.3649328728382839,-1.1157591649849072,-2.5665920472423682,-3.793037707420364
WGI01,2,0.5799389995290483,1.519103985817729,4.0279625018225,4.119128228507572,3.5027085670851767,-0.21663360944577903,-0.5250326110473535,1.3832686488865154,6.024974010382914,-1.0430611471074025,-0.1669232896214785,0.5735796776207556,0.8461966866055297,-1.6478591578360575,0.22733093873746935,0.3208972600704252,-1.597669413312203,-0.520259332294696,-2.1660648888996707,0.9869876392428569,-1.448526255215567,-1.1224347346489143,-2.7538515538017894,-0.9257244404028606,-0.591806483586744,-1.2722470128775747,-2.1296972447287956,-3.4694715902137947
WGI02,2,0.20490941988924583,0.3251862224240316,4.298801320374606,6.56430021775078,2.9456890336292707,-0.5225268341493319,-0.8363884121828837,2.1002722438942607,5.61246320802421,-1.3327305701302947,-0.09281037799604608,-0.04120187478003867,0.8051545674196161,-1.9646125548976379,-0.16672436372820965,0.4752367093246139,-1.3436835821494917,-0.6761931351829098,-2.7613004143984234,0.7867483446093786,-0.6395833895703493,-0.4559917609373372,-1.9088211952692227,-0.24067568200834355,-0.6169653009825762,-1.3048017946052841,-2.3497929918342972,-4.242904955322638
WGI03,2,0.3928282740979814,1.2329965320591327,3.5801185957042247,4.421898909703041,3.1548205108256826,-0.292779829288798,-0.6686444676206715,0.2904662614364115,5.428783538338351,-1.8218449465731847,-1.2005235005844952,0.292858607075031,0.5138493050281401,-1.9371557930841785,-0.1773839993495212,0.6472609586834723,-0.6348470880373815,-0.5676685502806693,-2.411613772679294,1.24182353478471,-0.7432333246117446,-0.23442994622652158,-1.5391256634635324,0.17909972171837296,1.027544371222083,-1.4953230408051397,-2.3765224528680253,-3.3459230100561275
WGI04,2,-0.09683003555844216,-0.07069424665459145,4.292849294628004,7.898566821811773,2.8168868859255305,-0.8187051756685886,-1.0294355527349612,3.8295361012800244,5.408689858919452,-1.650479439393564,-0.46529065088988375,-0.23589343565258147,0.7188699567160954,-2.1877383202277088,-0.4059490233195042,1.9549711456853753,-1.273831379708831,-0.8925220354800025,-2.817463674350158,0.46755552843518977,-0.9400904523991116,-0.7296771607381416,-2.417600821790664,-0.8301251703545365,-0.3729329671196613,-0.9048223135616542,-2.817463674350158,-4.5708622757057675
WKIR02,2,1.5507230130538332,1.2710146351283695,4.666594672944058,4.267253226154224,3.741740486626691,0.5915850907972233,0.04594923741933332,0.7128940455852542,6.2641777335333595,-1.9237526761933168,0.12719690969221276,0.917360643116055,1.6199711019990435,-1.0942690520812404,0.701567063640578,0.4032509441488745,-1.9464809272708727,-0.21391032943314858,-1.890600468876416,1.2301350883074447,-1.5761071389739794,-1.0233173161089564,-3.416656772371466,-3.9274823961374565,0.5307333768939717,-1.6938901746303614,-2.6511889302318945,-3.3213465925671404
WKIR03,2,1.1081612969046368,1.5016189519497454,3.8709394683503118,4.224083900569952,3.6353626497065292,0.21393971834814973,0.15379087165765082,0.0275489799474693,5.405725551094851,-1.1774437122792119,0.08402758410794053,0.20501677832995657,0.9284310864687795,-1.192868182604844,0.34683639181458137,0.22529630728048566,-1.719359923115234,-0.288041880621388,-1.933769794460689,0.8070702294645118,-2.024741572666416,-1.2032849434630997,-3.459826097955739,-3.9706517217217296,0.41656972982925655,-0.17891488216808504,-2.817972211783344,-2.817972211783344
WKIR04,2,2.0512561543363343,0.9069427979466056,4.491790500387435,3.932141843556175,3.788322165175809,0.274475994548653,0.06704246873645126,0.15925435012504696,5.721367157950498,-1.8422256500850773,-0.28135570428588785,0.5095022785685659,2.0845035027327636,-1.340328657063388,0.6333786070406093,0.23071331410719154,-2.020112609811167,-0.2659232992470759,-1.8275195026953819,0.9238604946671369,-1.6785962263032754,-0.6011711708546095,-3.2509928670570263,-4.262593778735506,0.7888635098810042,-1.0741771613520141,-2.3907916018339153,-3.6564579751651918
WKIR07,2,0.8210166305432471,0.6914936560038427,4.093480927122549,6.709115469991274,3.137424525105585,-0.47537801468340213,-2.038930630640701,2.00337607512148,5.890304972175886,-1.8926026764946506,-0.2481817729185689,0.47631905826856347,0.9035926391276012,-1.935389951699861,0.14950119474754064,0.5675677297337085,-1.1141908442800172,-0.4640214257510662,-2.3245945389362443,0.3693785482751286,-1.5100865013720313,-0.8776755559999181,-2.7881672778516897,-1.1890387350764495,1.1931904209775208,-1.2152869611513868,-2.7628494698673993,-3.886779566519799
WLT01,2,-0.022845932026289262,-0.6397183862480027,4.78628839096972,4.195951458593573,3.2222840979816243,0.08745226689861862,-0.1461482706570303,0.7170213932179479,6.6226408416445715,-1.3261353114538794,0.5335108963254065,-0.35070068391857045,1.4626367320100568,-1.262785310748451,-0.48083577314168213,0.0852742099526278,-2.0322221943586394,-0.6332676557035812,-2.6049473179379463,2.319348151648004,-1.347605062676748,-0.7638878381206453,-2.846839834977234,-1.393771601317952,0.9025137858260956,-1.0478601177756914,-2.333970265686168,-3.673883838459939
WLT02,2,0.41219800900980275,0.551257124521122,4.742397177101933,4.518589222028517,3.3834311875122585,-0.12438555722954892,-0.38585048329249094,1.0550601092461926,6.1298201360558675,-0.708067547307536,1.1396975978806596,0.935348718768414,1.9318123537121688,-1.568897413913315,0.5019926817777369,0.3417545771911419,-1.3966170186188513,-0.1340724266477702,-1.9568063655031773,1.4217812396522236,-1.5314598868411844,-0.8867092471430897,-2.879139411833296,-1.2146777979029633,1.4277880836523913,-3.331124535576353,-1.9730010514231582,-3.7130591462743228
WMA01,2,-0.08241057188747014,-0.11746461234590555,4.201396732051334,7.670436288135588,2.5183183792015464,-0.5148543064485249,-0.9759965100678691,3.7266922996697884,5.9440334657762195,-0.8269609309073811,0.3165383390889298,0.7824769815267194,1.1764971136624602,-2.1822394629283437,-0.23147100472195348,1.2931267656580037,-1.1261867886790302,-1.2269465732509186,-3.069136896105867,0.24542521337896606,-1.2445876040548214,-0.5464473479342118,-2.5991332668601306,-1.0106020392453434,-0.21902854036814823,-1.3525469702564923,-3.062264016818105,-4.910376422597292
WMA02,2,0.9398358892682221,1.118345012927521,4.169827783264287,4.833983176840476,3.0613589059622703,0.8019899184659076,-0.3957132728464332,0.33240548855559204,5.798217232275108,-1.604326456728871,0.5593974508773041,0.2457750494396027,1.0124750729081944,-1.6704165685578607,0.2683697747696012,0.10569312900306649,-1.536885175933338,-1.1170313303730746,-2.7087696657077744,0.5309402460632686,-1.5700373832502388,-0.7211356732810605,-2.3451016862780714,-0.5864030793109043,0.8560571397361834,-1.419102140276955,-2.6086862071507904,-3.6607784801840078
WMA03,2,0.7410262139861281,0.2750036036254686,4.008695125329869,7.37172052931801,2.9757246484698605,-0.23500735614434642,-0.5097442640040892,2.0263484932910325,5.13827847774406,-1.7722003617051172,-0.5108166501658431,0.3185407352286518,0.9358498393970924,-2.0498320983033977,-0.16276244927101757,1.1215327438937521,-1.5460310894743703,-0.7842939383193066,-2.7037585657100607,0.5653715524324614,-1.3743398529821729,-0.8129081938377745,-2.3111968624378054,-0.7758669221574266,0.5439289563966856,-1.1039825641876977,-3.044084371647264,-4.2126552489222835
WMA04,2,0.3889465192827606,0.3707708099125435,4.084843797964786,6.4501430978689,3.013019770752468,0.11367510731731834,-0.3930476228912969,3.36886639283167,6.064878362106597,-1.459886607248344,-0.11446191531678274,0.4514341274962641,0.9323760231415674,-1.849460348019874,0.21122531562786762,0.4840601903909434,-1.4737117122401857,-0.8088017018618512,-2.5225399655290106,0.34324954896181925,-1.6426659347071935,-0.7993004427377111,-2.944699952209345,-1.239034007680691,-0.01904338728113686,-1.2995439571731646,-2.7776458675461777,-4.448777348985618
WMA06,2,1.208060065200474,1.0228986589529399,4.187844957007084,3.9941302637752534,3.4717646856602964,0.3293023429711166,-0.31390016107257157,-1.2048730849624372,6.2882887138075745,-1.7802372298659979,-0.603293097927982,0.41698734747022037,1.2568502293699062,-1.6882997345403137,0.25857519992509914,1.6002534122099021,-3.741073029137988,-0.2736937405945312,-1.9063885151928996,1.0516680695302023,-1.3772443109032233,-0.48297649111650554,-2.495857266278003,-1.054300226483062,0.3732461442142361,-0.8565663906942209,-2.4808193889134618,-3.5944695549461123
WMA08,2,1.2986683748888996,0.9542802749428176,4.17882071302417,3.9327223661650534,3.6406590751848538,0.046546226665380885,-0.2776695891188554,-1.2662809825726367,5.584065851314342,-1.5104779430846795,-0.36004058655198357,0.2795069027850072,1.027515604388329,-1.6717460906808013,0.2153235583515789,0.9797337589330146,-0.9539062975304846,-0.014709199447421994,-1.8416451274761982,0.9341790956217313,-1.6111214688643667,-0.9661763901222988,-2.7395867206821576,-1.2017424614350656,0.2696897779795906,-0.9661763901222988,-2.6525753436925283,-3.4147153957394236
BAU02,2,0.16215548567642468,0.3228518598063177,5.040419765532121,3.8408790654265133,3.6099705715532133,0.6163633746945179,-0.029402626917983454,1.5865217947457237,6.4980815915707835,-0.9370539962014313,0.5142827913325041,0.24407931615468215,1.482278151960279,-1.1193755529953853,0.7519302228039306,0.18400459811894532,-1.6968925512600492,-0.54724242867327,-1.7201494134243163,1.027372851844187,-1.0959951043513216,-0.4230077577353981,-2.6364401452984705,-1.2575258914762024,-2.626683970353106,-1.9782092298447527,-1.8408779593104558,-4.042537133714541
BAU03,2,0.6639138382874785,0.49554750080620735,4.9287999716452475,3.8899302322817495,3.7609663686773285,0.7120611935817474,0.2963441570380052,1.6001987866910845,6.494030313712055,-1.3017337936061564,0.43012753404082993,1.5649184845491,1.4271390776356627,-1.2755027814572868,0.4516462474703058,0.10185206462379615,-2.5900034505584335,-0.2577425894182719,-1.5883090590827456,1.2347014495732278,-1.6428680433331797,-1.2188838874577774,-3.75074752033355,-4.523937408567032,-0.02135381135404124,-1.6106813568372784,-1.9718914559414022,-2.881709673309939
BAU04,2,-0.7379841839500045,0.48866195738343254,4.8416066055587805,3.3863935551690356,3.9649811300770565,0.8222950753783218,0.06909568851226666,0.6963840089304627,6.501253999055847,-1.6867515045020687,-0.3072764586542327,-0.29706484548403633,0.818497001497847,-1.0082745136899165,0.9619677360249268,0.051497941661929225,-1.5976387770261136,0.08341733213361913,-1.4757198418256818,0.9922730855202566,-0.8169622955997697,-0.1994263759201207,-2.5981996119004362,-1.2228343213127344,-2.1594772820357884,-1.230187295617994,-1.9571087932965439,-3.979674686584377
BAU05,2,1.2842626649510391,1.14476749595348,3.5730929741428286,4.4280744742323535,3.909619310144617,0.0003360853185601087,-0.1490092032337591,0.02507569149431621,5.041296859268596,-2.919363287672125,-1.015125835017379,-0.15349351568108816,1.1211785685570002,-1.2887231675874213,0.24218604200435756,0.7153993407666546,-1.844848550583075,-0.3654637663971725,-1.7082730155773245,1.4414579505705598,-1.0098207827876857,-0.24030062344316683,-2.40142019613727,-0.7877359928217187,0.5857650168382627,-1.3462930194088987,-1.6071768987059558,-3.160525344489013
BAU06,2,0.21525206689260745,0.3245360794913603,4.428116493982864,3.974564796055464,3.743886345082432,0.20537544339669545,-0.15431716503135728,1.1258756652059878,6.1810806050776,-1.8327479489524086,-0.4369748438779748,-0.12799985671398417,0.9332716245519022,-1.3747205107533897,0.5547033646848778,0.23531962994341704,-1.3105585665361037,-0.26116026064940634,-1.8138794646480259,1.159645423336067,-0.8919969195080935,-0.2007102046010676,-2.3840649340731366,-0.7631231971575518,-0.7215171963250882,-1.9328314075093926,-1.615335072347185,-3.5162938335402307
BAU07,2,0.3793758842245909,0.5950225241246221,4.503733792842943,3.8063592511587667,3.9845740788284614,0.5056193736915224,0.009145167678423327,0.6691304962783438,5.658509222857208,-1.957580997514615,-1.814889235491428,0.08753580162414565,1.0506495335318151,-1.2312482679690158,0.5303884418039306,0.4251411828425278,-1.723455029531796,-0.0003417512533330225,-1.608913487799584,1.2778442437560242,-0.728765958394094,-0.028463112238735988,-2.466363719650806,-1.0724454334202553,-0.19803210513529912,-1.9214324833983039,-1.7137931186200595,-3.2901310826278145
BAU08,2,0.517217963589192,0.3782972514390641,4.520862987772572,3.6058948850080497,3.6301170213494807,0.3191291906205054,-0.17989747614637341,1.2326399605907072,6.127280742125985,-1.825776667742729,-0.3602329349686988,0.5593855869981308,0.9725727412002056,-1.3799020212966884,0.4459240024949729,0.12600721332467746,-2.1238215272300573,-0.36381075631658266,-1.9403432323082788,1.2273001420773522,-0.8475280613244953,-0.28680546641388105,-2.593825156475792,-1.2300036512079604,-0.00023020093729186897,-1.7706248476676505,-1.8413613987594273,-3.4560486670796715
BAU09,2,0.3951322654364491,0.0839267470893148,4.6512080191623415,4.389441299866171,3.5346359707086727,0.15530206231254962,-0.1971067665714754,0.4633844510144174,5.697395634577512,-1.8729591219045831,-2.087555612640334,0.7728198951020353,1.1244884179361625,-1.6472437732020024,0.025876129268053383,0.28932740407035595,-1.3375455701858456,-0.2878490817197479,-1.6135705580954145,1.011194007962919,-0.9506777858932711,-0.4003689473318568,-2.6235172096778667,-1.087627985266579,1.7757463751638722,-1.509867043645217,-2.0982509017570825,-3.7404786370141734
BAU10,2,0.6705618477329285,0.38381830186341226,4.90506971424497,4.637535301765671,3.3503284894636804,0.20337115986380816,-0.2864530743677953,0.7164414534836219,5.9938168443729944,-1.471854493108295,-1.7568734481405928,0.932564905767018,1.531051984193696,-1.5552361020473464,0.05507099775134083,0.4515178629216514,-1.8693514315672841,-0.4508434504637373,-2.2571169625760463,1.0573879704997564,-1.4599259222430225,-0.888522178555557,-3.9975831374165507,-1.650981159005732,2.2228082057613676,-1.1296842353724452,-2.493505740640278,-3.5593282064853957
GER01,3,0.3497835154146074,1.3651779416644185,3.474708687879559,4.243838142486359,3.6083145526825513,-0.06248434001630976,-1.3298586556927416,3.131511141330591,6.11587745689165,-0.6928009417838403,0.5414772120374254,1.629775297688771,0.21963622077432543,-1.5837738656737042,-0.022345172425965565,-0.8117866234059834,-1.9249446230764722,-0.40993815576800774,-3.8708547721317856,1.217216284210867,-1.9814568333398146,-1.0839459961172553,-3.4400718560393315,-3.950897479805322,1.1560575852966108,0.0714735827916897,-2.880456068103909,-3.344761676235006
GER02,3,0.6324082380049774,1.480182175525667,3.410468077462088,4.509655746760348,3.9215561158585097,0.3328035205962898,-1.0640410514187533,0.3521062728508184,6.332944709347331,-1.763267278055081,-0.9335445624893843,-1.04008781039626,0.4854538250483138,-1.3741959797225922,0.23358767261548152,0.4995115645385457,-1.3993019008536693,-0.07191224315309341,-3.6050371678577973,1.3551142208064668,-1.4695061595269179,-0.8617188279181285,-2.8741496593150044,-1.3179562613997167,0.26295356741984577,-0.21414915585450256,-2.4811070712053978,-3.0789440719610175
GER03,3,-0.17102571694836577,2.0945181043653314,2.1950827717280967,4.778516772157742,3.7397627605298704,0.006957438246990577,-0.7951800260213595,3.317381434720636,6.215465447158239,-1.2567346007805673,-0.6646835370919906,-0.7712267849988663,0.7543148504457076,-1.7902516357486284,-0.3836726034572324,-0.27710799373460127,-2.9566865207554986,-0.3520494150267206,-3.3361761424604026,1.5955269382463433,-2.404617938455459,-1.5703921596356096,-2.9053932263679485,-3.416218850133939,2.890968429581345,0.13912921135547407,-2.3747649753057782,-2.8100830465636246
GER07,3,0.56311509278488,1.3929494636403614,3.6777747851069855,4.288118499983574,3.7104047191138587,0.7762854122203358,-1.285578298195528,0.7505128026106949,6.747118384077841,-1.7764032552548485,0.2955848357704065,1.2591207793407886,2.499987798431458,-1.2916573442719095,0.21782547107127304,0.6525091251785771,-1.078317793054321,-0.2845008843538537,-1.9848045248318549,1.4698180235038816,-3.6189350498563257,-3.683473570993897,-3.395791498542117,-3.9066171223081074,1.695194148207798,0.05419604728947114,-4.782085859662008,-3.3004813187377913
GER09,3,0.4178105388342841,0.976876302004726,2.75102264663368,3.9957326277870884,3.1823802818200146,-0.4900477935152736,-0.6557149154040909,-0.27919318333541465,5.823002286115297,-2.83951647240817,-0.8380364721980449,-0.2638554593517055,0.9609043564386743,-1.997949286729951,-0.6716062827407256,0.30031614511957816,-1.1096324068982018,-0.7550873892172945,-2.332698870039718,1.6840097245394112,-0.31378782809991446,-0.6900825589082986,-1.8763421546351635,-0.4379914315592206,1.0664884606944138,-0.058215809566366516,-2.176828499332932,-3.255031916369835
GER10,3,0.33156345546644594,0.4830913152690002,3.932655491068861,5.287703342813912,3.2722838523321247,-0.10324186100513622,-0.29607599818817754,1.698093975561937,5.285342289632282,-2.073408987706009,-0.06163586017267253,0.47579201278738825,2.0467708267280234,-1.8194937777250457,-0.08168930261940144,0.33438035873756,-2.6213741584214576,-0.3448001143406776,-2.5187200043613727,1.0668293916451184,-1.7214325645488309,-1.4701181362679252,-3.9297069780716347,-4.440532601837627,2.1787625242888895,0.46843903848212953,-2.44810243714742,-3.5581434216391523
GER11,3,0.47745987756394737,0.7281984348240442,4.003602674817451,3.9485018116834305,3.6535070079501106,0.3655809180985088,-0.4677421978046281,0.8561700456263637,6.253472350459663,-1.733928186632137,-0.2557077436921613,0.635304687931348,1.3425741807136058,-1.583645983582799,0.3412814401411195,0.3198489866717935,-2.3122998525996534,-0.23587490445924342,-2.021610259083917,1.3252863071267322,-1.687715343477005,-1.1476441516145526,-3.4353035943919226,-4.246233810608252,0.861729827448567,-0.12719663579577922,-2.0126415891011566,-3.5530866300483064
GER12,3,-1.5802673464795909,-1.2533355117961094,2.744695280774048,2.923353447718137,2.0958229702132463,-1.1808628629831182,-1.755664293336915,-0.5280312196016324,4.656679996989308,-2.1486068764461885,-0.7726996082127853,-0.5607331419279289,0.3498738933689296,-3.155551976588474,-1.2517028583722238,-0.5948226282029232,-0.5891998976176529,-1.7290197331144688,-3.6447161035732867,2.0959950823160205,1.63615834936303,0.5832466530615088,-0.42512624797142795,0.9669803589160813,3.4237245797882085,1.1906205343787963,-2.156639048143453,-1.7747471077533552
TAT02,3,0.9482190399696915,0.5444000227681958,2.9891041179051414,5.91231095754175,2.9066805134139364,-0.4997988441761194,-1.4529765658573357,2.2530281377820636,5.699975476697456,-1.1036009244002152,-0.16199238454176967,-0.25813624509467203,0.9912133027305128,-2.1281052409146035,-0.6056787054701323,-0.29172149121655444,-1.5219694373442874,-1.125200036203677,-2.797721924064353,0.47546589015758656,-1.1929460247360648,-0.8685625854338559,-2.498479029211497,-1.1836436320737516,2.1911273818263233,-0.6481253957173889,-2.7522595499875973,-2.5886301262057945
TAT03,3,0.39119175458664834,0.776247991063606,3.617193643791104,5.088098248587448,2.762496954598072,-0.48791997404575227,-1.6882497870931878,-1.313556337651777,5.899420051680025,-0.7280871708900207,0.14505868504774,0.5791790489162807,1.6229565762422427,-2.0320213261960127,-0.5119285140977619,0.2161166063134612,-1.2069466025935185,-0.9391233387913411,-2.574687555817661,0.7788219950587782,-0.9136622745930678,-0.6871723732515136,-2.2615957678405127,-0.9277272040604716,1.14425029017102,-0.3612551682545888,-2.8821722555656226,-2.965553864504674
TAT05,3,0.4986600775375667,3.206281462166653,2.8550754370083684,5.438509437438014,3.02759899747607,-1.3493125365310412,-0.13518736074108695,0.5670096553387758,5.943121882799426,-1.309307201917342,-0.0046908718117189,-0.11123411971859376,1.994486306425082,-1.6576138961855582,-1.3909852329316097,0.3828846715456713,-2.296693855475227,-1.7147723100255066,-2.676183477180131,1.2511070003788038,-2.4685441124018856,-2.5330826335394585,-2.245400561087677,-2.7562261848536673,1.3505408973669901,-0.02619707703268226,-3.6316949222075676,-0.42894847926925017
BRO01,5,1.2147450099011836,2.321885065323169,3.6121363774230817,7.308164658654858,3.3667415012188835,-0.44109297813768045,-1.2726837093195256,2.022254885795747,4.871345845517524,-3.739571853604848,-1.1421872203901584,-1.2487304682970342,1.323475156830943,-0.5978856674277777,-0.08706004366178721,1.6240649790638306,-1.1856723323298963,-0.51499800762201,-1.9597885754235085,2.7895341098568895,-1.408815883644107,-0.9190436690759478,-2.571966693449787,-1.5110947327645237,0.0014933536796579716,-2.2354944568285733,-2.571966693449787,-2.5499877867310117
BRO02,5,0.4252156644191514,1.3563336860557236,3.0646434055658514,7.267955406711823,2.794993946819611,-0.9715063198629981,-1.1083375504900754,1.948245563634849,4.215281998920179,-2.7952173888976564,-1.2697258976175654,0.5139976030528493,0.7519339053875793,-1.3130227033708888,-0.8218581240040557,1.275472982426555,-1.6095937232399162,-1.1652131988820784,-2.7082060119080253,2.289569166458625,-1.2640920798993083,-1.0121536266371542,-2.051426475518955,-1.3992298985721057,0.7586453399755664,-1.0121536266371542,-1.9799675115368114,-2.2263679250152872
BRO03,5,1.3104260457718757,2.1962754370352453,3.6511814404114844,7.048411778944616,3.5049027726553876,-0.26829272762469447,-0.2557664678055138,1.8525588709269512,5.353826913470146,-3.794653252240855,-1.1972686190261657,-1.3038118669330414,1.038790162881444,-0.5283487338015442,0.040180114496160435,1.5551716714531123,-1.646218839074069,-0.42982351474957525,-1.8487431031855417,2.8894226175951907,-1.443277995077378,-0.9324523713113875,-2.720138515151807,-1.621526226483696,-0.18373533959663124,-2.2905758554645823,-2.672510466162552,-2.696040963572746
BRO04,5,0.955798457209939,1.3206594491373398,3.4444497922248694,6.3841458259277,2.9427566520221515,-0.5338877659449173,-0.6628908489446923,1.363307859045383,4.713343307641433,-2.2236205610633473,-0.9454226954201577,0.4385859504188776,0.8455754490661382,-1.0437053251094133,-0.2579996289441011,0.9919711886036637,-2.282709477433354,-0.8749089110924988,-2.31811140448427,2.8729918777566184,-1.6997654370070219,-1.0874703530761725,-3.0022899150614535,-2.0170063117003476,-0.20544421517611333,-0.4737082017707923,-3.0573496922444825,-2.9332970435745036
BRO05,5,0.6799852356267913,0.871066553789551,4.133632011781433,7.8665721999377975,3.1859150918636505,-0.38703771055457814,-2.325997353783368,2.7578884020524805,5.083528126652377,-2.5956609207324703,-2.195500864853999,0.2947108371636942,1.1372733917994413,-1.1422272567749516,-0.03622121908190401,2.2705295256109714,-1.0845536180279378,-0.7153480541629698,-2.2671568537604347,2.663238887892799,-1.292058275457693,-1.0103205598774299,-3.1144547141476373,-1.7149151262777274,0.32895036816707535,-1.5402986158581768,-2.943306457951808,-3.9354352662174676
KAS01,5,1.8853204609933876,1.6174545477290714,3.5893624881032777,4.4836104813228905,3.698248354658921,-0.15952963591682945,0.22027572541075724,0.06040878444843223,4.8804961614698525,-1.8632782278221711,-1.1376957715090716,0.08106082900110145,0.8082143775462409,-1.3178919289907132,-0.16957997177033057,0.5994052851811187,-1.6556388630439267,-0.28509285889217484,-2.140031229741762,2.2466944918367022,-1.2803875335322585,-0.7077110462265894,-2.818789672849608,-1.2989639191051943,0.5275994723175526,-1.2803875335322585,-2.736551574612635,-3.283095280980705
KAS02,5,1.2482351355499501,1.0922907332686655,3.26940623300632,7.812309894958529,3.060168637849297,-1.0315699291122753,-0.6072644025421967,0.857408898189906,4.086226061145954,-2.121213547797624,-1.6032704562627709,-0.3249997282201891,0.8114077566099809,-1.641215387826894,-1.0682712959627034,1.1709791200375816,-1.6247766614837333,-0.6131757498052535,-2.522224305556409,4.999663806257638,-1.5514453883981831,-1.3801269049485603,-3.176150772963072,-1.7521160838603356,1.3318870612527443,-0.7899789638607606,-3.0555227851744577,-3.748669965734403
KAS06,5,1.4388990666484052,1.1550525696485217,3.366416978945921,6.525987831645695,3.3539032837907077,-0.6280890139601434,-0.45571778801935725,0.7027345010047688,4.422388785212173,-1.7964016378871959,-1.6162054804055552,0.09240362049033024,1.1246345435196465,-1.5199286499701357,-0.3232286049732789,0.4362802512857531,-1.4544847417177502,-0.3101754827286989,-2.3753106287572967,1.7737588331540497,-1.0905960604553266,-1.032564512883142,-2.575981324219449,-1.1724748342184368,1.408620707342144,-0.9445645050665732,-2.725513058190413,-3.7616049898771875
KAS07,5,0.604795906970387,0.4109943139401935,3.627747405475608,7.810626517462849,2.9203731582580863,-0.821493660693764,-0.7449535835714292,2.055938914831203,5.050600848333735,-1.4486828734619115,-0.1945392613674164,-0.28396173054377893,0.8325936232437368,-1.6540929142879603,-0.41396456836474815,1.4693492077078263,-1.429525199428979,-0.3928825226926369,-2.6794459111554163,1.4933098706654775,-1.222835051618067,-1.1091757331455456,-2.868412010668039,-1.3795610612230567,1.145011680630243,-1.1954360774299522,-3.005377865741198,-4.400888881966012
Chmel01,5,0.4818428305445819,0.4649864402220807,3.923722662107374,7.587165023895215,2.9686553664656037,-0.6470189057824669,-0.7763856279633412,2.5728900930428322,5.644793649840643,-1.6667992453786376,-0.5225169198773383,1.0170774191894978,0.7336416376191677,-1.7048990916109066,-0.28206373102803717,1.2804231985403005,-1.3675026405061619,-0.8235147683048911,-2.401287766095024,1.8571761758226497,-1.3446705984635177,-1.1014146373622111,-2.8231198516673928,-1.4196471540124183,-1.337921416488589,-1.0379829231998308,-2.9955891120183367,-4.347197915150337
Chmel02,5,0.7308551140125745,1.4773880848113166,3.5620227703454974,5.860665148222435,3.1576211399092236,-0.47858218478544057,-0.30697228358641393,0.2247865498460424,5.646865279706745,-1.7901164706962227,-1.3243591323319377,1.8587792673873507,1.164970346426065,-1.4250026581116249,-0.23823585523460267,0.5056658749750715,-1.345865337552901,-0.6609037415793955,-2.094892976507303,1.4847871856416415,-1.59795646490198,-1.0969692901362764,-2.732159698672792,-1.5173759782426401,-0.764743344396515,-0.8114081092536329,-2.799600979468325,-3.3027045571404052
Chmel03,5,0.800429319443114,0.63576382528296,4.542821043504867,3.89931561751822,3.5410389886817,0.3830559333866592,-0.01700452495631577,0.20562825763988535,5.336220023546062,-2.1231833212746674,-0.6167776347388028,0.036031930094567066,1.252038573984227,-1.0362944963026175,0.48028306323788783,0.8285897575061041,-2.5642393744855356,-0.39270428326462614,-1.9042444012424902,2.321933014524731,-1.6221961465089656,-0.826446487469652,-3.042976683700025,-1.720051936512724,-1.1020916708473854,-0.3670147971493156,-2.781962858330405,-3.5025090130784653
Chmel04,5,0.38323844359942516,0.4175765811803167,4.0468000897290715,6.469672970458189,3.429687227527605,-0.27442051299639125,-0.3549742068844184,1.8155023061510276,5.3540547246492425,-2.3424333588526043,-0.4104728693060027,-0.12520811480971528,0.800411900943228,-1.446963954792034,0.0189922341643749,0.9625645588203424,-1.302049575084288,-0.39738938568514026,-1.7819521446407531,1.962941277835486,-1.302049575084288,-0.9561389977327135,-3.0539296780807454,-1.673827287208777,-1.3171523432700436,-0.7257490378977369,-2.823406019468914,-4.081083002766711
Chmel05,5,1.0880381231182668,1.1458916389145113,4.578142891675558,4.019651870765571,3.65375077606198,0.29178176308480186,-0.06011990210127305,0.8995690946935904,6.123088789641196,-1.6165652843948628,0.029608867864856947,0.5545140128370338,0.9939787791646646,-0.9331426537269127,0.6625200326832843,0.9660923567582707,-2.501107317954437,-0.417767135858945,-1.9150582729508603,2.26665991947983,-1.959510035521694,-1.2394554020418243,-3.1046423398246965,-4.17508375152611,-1.1385294834518636,-1.046862294926039,-2.501107317954437,-2.63463871057896
Chmel06,5,0.32325374175740684,0.24229880361727396,3.885733128283059,8.046612940606506,3.0188784920244087,-0.4888494951212845,-0.6603147029494281,3.527057584448448,5.153753442924934,-2.5968644092451765,-0.6213753572437888,0.08027825439395642,0.613570090575223,-1.6297152601375302,-0.17681839365921803,1.743452911028073,-1.1645442257300047,-0.9645028569091405,-2.500237573556106,1.7383402318359078,-0.9816461338955769,-0.9845321387847115,-3.0697707981488733,-1.7972703468151856,-1.0005557882528695,-0.8432634156121672,-3.261438217361066,-3.9132001817581568
Chmel07,5,0.9731834927664389,1.166131083463661,3.7583060068419902,6.452795349045864,3.1818045200686855,-0.030437326688064203,-0.7373398823164949,0.5385025381224811,6.052292968241993,-1.1414209071587207,-0.3762425983898927,0.5126491592961475,0.4721577979414109,-1.520272366748796,-0.0751375056059711,0.5941559960745737,-1.8221967959161196,-0.9358583863253163,-2.515343976476065,1.4775788723324164,-1.602337319803099,-1.2012678231679734,-2.6008661499142276,-1.4112820830403914,-1.3379508099548412,-0.7373398823164949,-2.714194835221231,-2.9373383865354397
CeK02,5,1.0171156600812168,0.348671794223705,4.702010662006229,4.48457780353101,3.182162094283454,-0.07580857999794688,-0.6413318350640624,-0.07123788970311473,5.325665304507733,-1.391366390026059,-0.038553147529619025,0.5234018227589754,0.8645360724860005,-1.602388580807924,0.11541736834795824,0.5604496299385229,-0.7808058004753882,-0.6970004402719843,-2.3770856283319777,0.7946848867120355,-1.2192594266418224,-0.2366350712119072,-2.271725112674151,-0.787450343194056,-0.5744918169382123,-0.9002458373394004,-2.7924030328831524,-3.5573759480143536
CeK04,5,1.716794105044988,1.262306438352014,4.834867384640155,4.191764548173859,3.775310191370725,1.1703498022555285,-0.07114544139349643,0.0745663697878971,5.784347764043876,-1.7516792755113268,-0.1369920071910835,-1.35797900898275,1.175060126555712,-1.1895603573577862,0.7103058531961199,0.9510938684900392,-2.328994640546151,-0.20187962939695847,-1.787397358113406,1.350465591651294,-1.6436906374472322,-0.5582885805159288,-3.0221418211060964,-4.002971074117822,0.06890063225221965,-1.2838710368290274,-2.5560520911814972,-2.6592363274167283
KRIP01,5,0.8994839489373287,1.551479699955097,3.801426625145725,6.088498035140221,3.589560678856373,-0.24689136360527097,-1.137397978323711,1.5222256288730245,6.1250180963496,-1.7889961559707848,-0.2875060827594611,0.39783871751629896,2.3698869273888876,-1.5519955699951486,0.0066317900351906545,1.1350402607724224,-1.6183706389400205,-0.46259993643196307,-2.0092369476270333,1.4455698846405038,-3.4707547299845105,-3.5352932511220816,-3.2476111786703017,-3.758436802436292,3.2573504207588306,-0.4844416783470118,-4.6339055397901925,-3.152300998865976
KRIP02,5,0.4795866440772718,0.550544598200962,3.746218875877917,4.662935351035307,3.299819249825031,-0.2904307964467545,-0.3657461336731931,0.07706771373755927,5.452679223262835,-2.036205152432986,-0.3828041165777698,1.1783918684744181,1.3235067812141308,-1.3318846712749153,-0.25290835712366455,0.6100493294007583,-2.913923609520902,-0.7754485362568726,-2.320148902774159,2.71583404960713,-1.9976328776467458,-1.449667706931299,-4.222256429171081,-2.405804347352653,3.1647099598077055,-0.08309785115918711,-2.7636414064715638,-3.5544270565954257
KRIP03,5,1.1094730968978155,0.3871461272290935,3.9941033980782166,5.3767635202167785,3.346583864286554,-0.3402275290003871,-2.2162167322561954,0.3431225123145749,4.854218978333065,-2.2982816853104984,-0.9835681279535926,0.3951890660285535,2.1360533533528008,-1.676715308513538,-0.05045849926940793,1.034627463766438,-2.0646668341289933,-0.8163781460285469,-2.1922634912337022,1.7133484747837482,-1.5538412103630028,-0.7318611579600898,-3.195027821111684,-1.734913547756526,2.9973346683631883,-0.8133930691850937,-2.747451227653392,-2.9401355714828936
KRIR02,5,0.4882870349878843,0.1866311956890785,3.6692521828276328,3.996022272628784,2.9496432697426362,-0.18585094618651343,-0.8941764683455249,0.683467203940018,5.991662751616082,-1.7900880378830282,-0.18469286846588595,0.6773763092416303,1.225616368857878,-1.8372944424528237,-0.36909993175086253,0.616675315985022,-1.969531894849367,-0.7935329425658377,-2.583167012481579,1.8454483963202541,-0.7447427783964056,-0.8493155823159819,-2.4029708549999382,-1.0126950685808627,2.769083473150667,-0.8031535405528194,-3.19676156133957,-3.8782127021363246
KRIR03,5,0.9251241715477017,0.6980726038362857,3.4396410837099762,3.496675427736221,2.9458309000069773,0.39623458215437335,-1.222924563141592,0.7324885814052076,5.742000412107564,-1.6296758450605004,-0.7471535356599395,1.0954731521077203,0.07752623613949172,-1.6771155701320613,-0.4009162617521085,0.9464963118235747,-2.7676632989634404,-0.6912383508230304,-2.611792928256656,2.086529534554568,-0.6469179511423686,-0.42957151751248457,-2.175868612663783,-0.7503535383906108,1.582536904098764,-0.573119688380479,-2.743852650269722,-4.008450076412093
KRIR04,5,1.214019901173061,1.0026079638794982,3.933331243269827,4.306518170773359,3.3486207249502815,0.8361427495837264,-0.7826929253091457,1.2645844918921352,6.179087107359806,-1.1935372825370463,-0.253580591667137,1.4775937619173272,1.413577453481392,-1.429710334141589,-0.008183340414319673,1.0609855366508958,-2.4609704407802075,-0.2663034095951051,-2.2263981936423756,2.02404320536247,-2.2173483581224565,-1.638611528740257,-3.5595827294483167,-4.441971909646791,0.695785391888804,-0.4560790556521894,-3.014855554006645,-3.835836106076475
KRIR05,5,0.603098591507778,0.6944304410769924,2.6780118235628665,7.471194838397355,3.060845041030852,-0.915007471357109,-0.9661199175662105,2.800113976951512,5.348302422087073,-1.3518887756986526,-0.5931232051417847,-0.660072267324411,0.5604080098960766,-1.910839890960883,-0.8421275479884471,1.5812888231952495,-1.2556119452632313,-0.9643132323412633,-2.5629790477934513,1.4128567690801033,-1.141593366862292,-0.9553284459334463,-2.5629790477934513,-1.0569194898131862,-0.5918786499095798,-0.5697375240323659,-2.6663574022472876,-3.497288285170285
KRIR06,5,1.0778123930205101,0.4886549259846129,4.145174848774683,3.467517304612767,3.444143741337638,0.3388842148348319,-0.32877786771928275,-0.03112700980344929,5.28915835622771,-2.1196058045092263,-0.48370548799429436,0.07761877282699281,0.6239337621334071,-1.281125636524667,0.1465702612933919,0.948317201435616,-1.6371106873694616,-0.5270697028777294,-2.0547181823033513,1.972314966090924,-1.276306350088718,-0.2053156387305375,-2.8643403538596655,-1.426458623949281,-0.35044616719841226,-0.6749898329543518,-2.494807254977564,-3.0165321692015894
KRIR07,5,1.4698010753551767,0.89589851375744,3.975503009159898,3.8328024963317366,3.288615947838975,0.0346711563891855,-0.6238121320731764,0.263707700710202,6.3477597224236195,-1.7504374569689611,-0.5561706951552008,-0.02929555495485836,0.9377192036136792,-1.3114496568221519,0.10993602410900838,0.9526763376784277,-2.3670445604065717,-0.3770096064423196,-2.0533870015515303,2.0074538078465194,-1.6844794891771633,-0.7244773242125913,-3.3100035393628877,-1.8210550241829138,-0.26548110163946426,-0.22019034245930147,-2.686814947409853,-3.8298789986487956
KRIR08,5,0.7957455297665321,0.4373833169684289,3.0497879908052647,7.813308910238384,2.7849052747972705,-0.8067896325185648,-1.1481143879196631,3.476383929507545,5.272286164697741,-1.710421967520797,-0.5527895004535628,-0.2056460027803828,0.3999817997630064,-1.8376837471317247,-0.7754391026344889,1.6880463266912535,-1.5891509618126944,-0.8029752604430938,-2.7017887258353097,1.5138480873250453,-1.537579154681386,-1.3721543982809097,-3.0536327425043757,-1.6435277326907665,-0.8726028510881365,0.10413641667206441,-2.972663679970709,-4.038486145815827
KYJ01,5,0.05395747856256605,0.34157728257508513,4.881527726593772,3.7698837867173163,3.4419421775694614,0.3287927504860422,-0.08017897164986376,0.117171960408613,6.760765006963556,-1.1688719498522522,0.2797376505619802,1.3264847021049198,1.7688654896911489,-1.3350803685030757,0.48378103050277144,-0.2810712176501813,-2.043325973775606,-0.4314569418296861,-1.7500813079666093,1.6640925327438536,-1.2619004706619075,-0.3805684238087226,-2.841157765946016,-1.4022196713407036,0.016657708754888922,-1.8502443938676647,-2.2399480807117564,-4.55495569370436
PRI01,6,1.2089258010997854,0.3635835872857278,4.619785846581124,5.150158608037138,3.0431502648656235,-0.22771031488095606,-2.041448690827786,1.280311860186334,5.77295339071444,-1.3513364139629953,0.23907668410152727,0.4256230913241792,1.4076726791159517,-1.6793340235932357,-0.3674722572561153,0.4767364209329221,-2.0722203494945406,-1.0403712769861126,-2.562426686057795,1.1985360972506491,-2.0847991317013994,-1.2923222425259402,-3.2555738666177403,-2.2570450365066135,1.4208722968718712,0.28390551042753476,-2.870728045712311,-3.815189654553163
PRI02,6,0.8480889452347382,0.17127583809377178,5.32505429242731,7.8037486945995616,3.0020523406158786,-0.3089493452235015,-0.815219152453631,3.1119295227977393,6.013061662008823,-0.5772133318181805,1.0907519200632096,-0.11077241663975279,1.4356503785697008,-1.8992326417005891,-0.6756897411805554,1.564153665014187,-0.9727176760505749,-0.9388682905764227,-2.527347351989679,0.6992026545790866,-1.6095762349450897,-1.4140289159318744,-3.227929511037143,-1.8379107508262695,-1.4067561566027944,-1.8231503352431488,-3.258234860532472,-4.341579677069793
CZA03,6,0.2657869455413371,0.9052814126089626,3.271543435204727,3.9681478759902715,2.3750951684505974,-1.4592209680427803,-1.60554892218883,-0.11298536747489418,3.934454173559584,-2.552611312729738,-1.475052433259461,-0.08742916828951675,1.1708205228908577,-2.329467761415528,-0.9589217572637772,0.45785562058118945,-3.76705541692297,-1.3739563163880923,-4.146545038627874,1.4203303889177854,1.49536203231024,0.7060860063251342,-0.21925456106893915,1.193578453409255,1.7442488330106047,0.7694977667801144,-2.4210349549410193,-2.5843600110443186
CZA10,6,0.41611898997929053,-0.07167726392395224,4.574998159253147,7.848997740707082,2.6022884736866674,-0.8223429202583876,-1.3776464979756309,2.419263097942191,5.222619382452326,-0.64826614872341,0.7358471864501208,1.50288787449602,1.1266492752482113,-2.284941666941208,-0.6196314077613838,0.8832691029193018,-1.2883786326272677,-1.0591927668570964,-2.970653869013635,0.39613097475834813,-0.779207268957304,-1.0613857501921053,-2.1297254569119115,-0.4931821977131534,-0.9986325759546357,-1.6979845334014634,-1.6011666262101247,-4.441941442966918
CZA11,6,0.1285167372249969,1.0514520118178208,3.0842946952719554,9.00648147005453,2.710085466441904,-1.2249878010719026,-1.498939680711782,1.9461295852793858,4.623220803519562,-2.9939672419681376,-1.3684431917824131,-0.3646093094415921,0.7859133671233138,-2.692862149184215,-1.087432258147654,1.4320116180727078,-0.3922790588608436,-1.3578610824518762,-3.1083775931458817,0.8411163437117573,0.09091376244612981,0.10563795484006633,-0.945402938852741,0.6022337015953934,0.4801791393401853,-1.257777623894894,-2.5444421440659433,-3.5138427012540454
ZDZ01,6,1.2850770806528535,1.226613261061754,3.122432079170174,4.648890770481791,3.308811953062947,-0.510722798112206,-1.6073128413995486,0.10457225615402166,5.331759034979255,-2.1914697382510884,-0.3782040638020696,0.2064255345472823,1.1376243495097231,-1.4454001562368006,-0.37466423709694574,0.42003763959593954,-0.9480672125152845,-0.6611691463757117,-2.3065390680358764,2.407157349148067,-0.7757221102177025,-0.644832727056019,-2.3957702017638187,-0.9294331329703915,-1.1111394944204278,-0.2627878931559522,-2.687906624564979,-3.3810538051249246
ZDZ02,6,1.6150882723723088,1.2601058535202672,4.622335026787493,4.6116239122057365,3.645037822631905,0.2953067666937068,-0.253031627880409,0.13406327362600656,5.765241829130464,-2.308863303921112,-0.26850915094932226,0.4375525440146468,1.6825868351383564,-0.6888152123749958,0.48189272227411895,0.9879607289945787,-2.4216587980664555,-0.253031627880409,-1.9258710516650046,2.999074306003916,-1.7665390130957492,-1.0850878722989954,-3.63061914390343,-4.141444767669422,-0.6809308088508468,-1.210251015253002,-2.062003225989586,-3.535308964099106
ZDZ03,6,1.322091698484587,1.7265590514588434,2.6484740671282943,4.11040321290238,3.458057779085113,-0.25207437243001785,-0.6030923200536096,-0.09072941696873205,4.739106970037726,-1.3762822082870914,0.08233281441242557,1.081405492259595,0.8301590241540522,-1.2079468934678763,-0.5218668801310233,0.5869375783033135,-2.1625198119130484,-0.4734144967450762,-1.7489574935722647,2.5571760778611203,-1.6204791687991333,-0.8489272825698899,-2.855666992472994,-1.613412001576041,-0.8721455726718972,-0.09534836282502646,-2.740597662688206,-3.1352518546921555
ZDZ05,6,1.3579569935488598,0.8757179175442866,4.209368891908098,5.665218373833073,3.373701568210641,-0.16763169244877396,-0.5304699840951752,1.390626105383987,5.199780332520444,-2.7123568374476843,-1.766374315766127,0.13366692999417218,1.0227001078929323,-0.9842230640998411,0.2513615678604424,1.0583550810948452,-1.7610692635364327,-0.30949261032612707,-2.2666178302015805,2.6781525273946847,-1.0392369349776294,-0.09406149928085483,-4.007084005042085,-1.3609092076579623,-0.042468549494768304,-1.218991096266338,-2.7981236592051104,-3.911773825237759
ZDZ06,6,0.8009887892801029,0.6369695328168579,4.114611591960054,7.197374311829587,2.7439191282497326,-0.4118843811817854,-2.2952741732557644,2.1917265387819196,5.371682703327446,-2.665021198761849,-0.5157099771215279,0.7838518303759372,1.3991956859895796,-1.5991012717792827,-0.424871576708596,1.3543603249867955,-1.246361553139927,-0.8444412909983026,-2.756828748014973,2.050968260927819,-0.7972758225558731,-0.9366313434663844,-2.5260223239551927,-1.043377380648245,0.8496614975443038,-1.3777720541953116,-3.167113142559087,-4.3101771937980295
ZDZ11,6,1.796912441223455,1.4815866450918804,3.8246888766482594,4.089698023614902,3.6451106743352666,-0.25844239857108864,-0.3935001206702591,-0.3438374829832167,5.297210183091398,-2.135596952211272,-1.3535022856348302,0.6082393286371639,0.9871776824118994,-0.5284873295367625,0.09216434898502968,0.9193910175518125,-1.7696626828597424,-0.11605355211250412,-1.6341171908635186,3.4205125250685913,-1.9078130213405595,-0.9878254275850784,-3.1559570439796323,-4.1050375986767795,-0.1426383859235667,-0.34966840329401006,-3.0345961869753664,-3.4989017951064634
ZDZ12,6,0.5055029212096214,1.033821702423129,4.272577700093339,3.6157334008385913,3.2260648228053994,0.25992169496122663,-0.5028782053445173,1.0316898301370987,5.543416690225209,-1.4114196909724397,-0.0727319841198808,0.2277473379333701,0.9726645384662227,-1.3534818538662208,0.2015208520128624,-0.011187822008767334,-1.1132663186533636,-0.4888330306414703,-2.1366551860838854,1.7043542741301954,-0.8756447481585008,-1.1263726661586642,-2.55304936472424,-1.0501937151982883,-0.7043350025687127,-0.9005940672064492,-3.0385571805059417,-3.9728664178827753
NIG01,6,1.4467478297427778,0.7920627023690399,3.9738826102300924,3.922349992805238,3.8976408893137213,0.07137279717151213,-0.21159228540212993,0.174869875580419,5.543829698212244,-2.8459547707131803,-1.7203866720565433,0.4196794914397275,0.58379289377066,-1.2835053677149997,0.19700516669235046,1.408378199531863,-1.9800948924659183,0.10450573202394509,-1.6787139756559748,2.2567066279862096,-1.3584066758881175,-0.46914461640188154,-3.0650083367758656,-1.7528219478096965,-1.518749325963297,-0.19641394380306387,-2.6801625158704363,-3.8657861815281764
NIG03,6,1.593475627359365,1.7904066477954776,3.737248715116528,4.547787861521912,3.9951766133138955,-0.13043953259661922,0.2190313061569702,-0.6512154872157776,4.976390638352946,-0.4585311433862769,-0.8954124477278205,0.35886912394473747,1.1130871357792378,-1.019866622201226,0.33894509322483213,1.6857710324956,-2.418282343853461,-0.07273121497597224,-1.5468869318871974,2.0801713940656676,-1.9421996685313436,-1.0566805953239422,-3.1361221370037775,-3.646947760769768,-1.1973804774270773,-1.1830945201796013,-2.10650271982262,-3.0408119571994536
DUN01,6,0.6731320544816475,1.434068210137104,3.588749837638122,5.501262017720515,3.3241299983442953,0.28030212567744606,-1.3267086010990443,0.6321049527921776,6.547922210798408,-0.7524814659825569,0.43843721961092186,-1.3027553600765511,1.7318561937474186,-1.6704801402018674,-0.40437555476892584,0.9274498979895274,-0.7189212694902549,-0.5465500435494688,-1.7979250867699879,1.5700400872843137,-3.660065352759842,-3.724603873897413,-3.4369218014456333,-3.947747425211624,1.782622883937008,-0.1962844847959193,-1.6790638838932601,-2.795067915273238
STG1,7,-0.6378259850706307,2.2714850560962816,2.5983027461815715,4.311716504035477,2.535209864991333,-0.7331361648749555,-1.2619802941436244,4.130682599753308,5.1837780045400965,-0.2631325356292198,-0.8585374314162282,0.5287685635785069,0.9722610672759107,-1.4334518349135132,-1.2262622115415454,-0.7439082618568662,-2.290388324138485,-1.5396120307419041,-2.784406829588095,4.193081787408717,-3.595337045804424,-3.659875566941995,-3.3721934944902134,-3.8830191182562057,2.4401443867203323,0.8932993239277156,-2.871418206577724,-1.0547197890024176
STG3,7,-0.7617420325824753,1.229194479850947,2.74184129583697,4.484881330868234,2.636465810231314,-0.8956999553904748,-0.6677896262386112,2.7334530442530625,5.667462146608052,-2.1273561884648284,-0.5597154047091886,0.3288782055542967,1.1645744225724366,-2.3345458118367954,-1.1226904872985903,-1.1443363540732827,-2.1630742710669075,-1.4913674217448305,-2.6840522662969164,1.6373736620908792,-1.704499337644794,-0.897407897735631,-3.2987278314153663,-1.7718515196742857,1.6787863480895666,1.5255021068210395,-3.2616865597350166,-2.4407060076651863
STG4,7,0.16060668773805364,2.202771480026014,3.661003512589228,4.458432942411637,3.454310554188381,0.12442703116055043,-1.1152638557674646,-0.7405704063260536,6.163009501245603,-3.582152000052786,0.06105741722796143,1.2011643713187787,1.859647089972941,-1.1336129944356612,-0.028846840193173406,-0.3952092222875949,-1.1842567272544153,-0.4435570064453884,-1.743872515189838,-1.6779145473980401,-3.4486206074282633,-3.5131591285658343,-3.2254770561140544,-3.736302679880045,3.09610026330538,1.0622388990885865,-2.1103354654947344,-1.8391826949941636
STG5,7,-0.409682737890928,1.061226513916539,2.981917914696181,3.711761731376485,2.708894599704168,-0.8236949065775514,-1.8619350668026167,2.971263689040966,5.355926250399371,-1.6065883749937724,-0.7256572752480315,0.6355187990374729,0.6950573097583383,-2.115850276783579,-0.8024626864717765,-1.2248773528937145,-1.8619350668026167,-1.4071989096876694,-2.8570066765298865,3.780337293093866,-1.3189063025419907,-0.6471122464526147,-2.7193852986538385,-1.4033601333805032,1.9118702578099285,0.4740261873484277,-3.206680425009635,-2.637147200416866
STG6,7,-0.12054874234217738,1.690675412875021,3.8184103086747347,4.130988257052908,2.920737446602037,-0.44163112728451903,-1.4427085411261933,-1.0680150916847824,5.61719541501253,-3.9095966854115147,-0.3380539380021208,0.9704959426430495,0.9940895303417765,-1.43666622667023,-0.3874466933316967,-0.6597760566938922,-1.4306602026100181,-0.9918259533272362,-2.523302324291624,2.714373679228416,-1.5514417412626589,-0.6324519524193386,-3.552921741472783,-1.5858093847668666,1.3037850703307363,0.6753707932590567,-2.9933059535373605,-1.5514417412626589
STG7,7,-0.4898355438739337,1.8273661309029405,3.0156174487851177,4.579493000140688,2.76368865665863,-0.5796394387352368,-1.5762525594482248,1.758114113731474,5.743030222217717,-1.48370100208298,-0.5641008353074577,0.6791773956285434,1.3611441370928024,-1.6070242181149785,-0.7237733403190232,-0.7659959707413702,-1.1062489302024892,-1.1728096967208277,-2.351464693062475,0.9984393942121308,-1.7334381429706376,-1.3209058676393806,-2.8109970224409153,-1.8380109468902148,2.172181425422302,0.5755096438112375,-5.072760120914705,-1.861916467743768
STG8,7,0.16795841500546338,0.11280659493038314,3.6664448007513095,3.9151527955126366,3.2156349905077866,-0.17693946174224884,-1.6585440026664644,1.9742459847964282,5.614430823060662,-1.6707392757602832,-0.3911696869900325,0.791938492873208,1.0065776094983603,-2.01089928546068,-0.1116264472136983,-0.6463922785256973,-0.8618561431656788,-0.7805531958798548,-2.515994234517687,1.3010899507150473,-1.2755517504103588,-0.5619539593791227,-2.7214382087324944,-1.2632312660223182,0.9124476692510344,-0.10904912619939733,-2.9358480800779505,-3.075610022453108
STG9,7,0.5362127364028719,1.7711966916730804,3.944688952182563,4.488423283631698,3.410284706925504,0.22714594748822758,-1.0852735145474037,-0.7105800651059928,6.23304496626233,-3.552161658832725,0.7586374665527886,1.6861781979053028,1.350994474745419,-1.0437245116345313,0.10773025840795913,-0.19228242650130056,-1.2144852460274098,-0.5635978747573471,-2.239975269866557,2.184410638646467,-3.4186302662082024,-3.4831687873457735,-3.1954867148939936,-3.706312338659984,0.7165362905341528,0.08917685051221103,-2.0640846034028932,-1.420534363982319
STG10,7,-0.3246686650524513,1.781045090132908,3.4979562791358823,4.816084795827356,2.9328579100011924,-0.41775908811846385,0.12899854487358997,1.525825478493374,5.619097482804943,-1.3797958417808234,-0.6919820071962404,0.4654707814948029,1.6148720357173811,-1.4177407733449465,-0.4592588190252167,-0.7329154161224931,-1.828746061828726,-1.0478933008496751,-1.8713056762475215,0.8781924104207937,-1.8713056762475215,-2.04152682610739,-3.6205055310567804,-1.7959562390057355,1.658374141598781,-0.49814060656942427,-2.9526761584811254,-1.4288519987700168
STG11,7,0.051537562518593205,1.8963659998768758,3.3545454255838365,4.280709412454098,2.968838520299428,-0.23983747113365084,-1.2929873857250032,-0.9182939362835922,5.8095369105043115,-0.8695037721141601,-0.4149965789383927,0.9694068266857974,1.177676907347454,-1.4017205858614687,-0.4024807710065623,-0.7221790573573017,-1.1466594315789536,-0.6852000541162147,-2.1648263550283247,1.7299472825000555,-3.626344137385802,0.4221746126308812,-3.403200586071593,-3.9140262098375835,1.5571934915879169,0.15357502740900664,-2.029485007158563,-1.6894026583132495
STG12,7,-0.24387438958182983,1.9452931252654722,3.221166827535218,4.1441987429395315,3.042175369558956,-0.2644550972818509,-1.42949805523957,-1.054804605798159,5.831590834062569,-3.8963861995248914,-0.32685350304352134,0.7348693569388747,1.5746832728009492,-1.3424866782499398,-0.6775103746566904,-0.5168503146439152,-1.5796164715388894,-0.9557137031539282,-2.116602921343552,1.7286622345888052,-1.5450109423614133,-0.3089068598526845,-3.53971125558616,-1.3592937965663214,2.429507682574503,0.5198693141996014,-2.706802132651055,-2.6436232310295233
SUM1,7,1.1826141813517506,1.4068934511298874,3.9694242163146076,5.353118631474357,3.4932162944131235,-0.03182992284148156,-1.3668309895738213,0.5642511512118746,4.922198451809752,-2.10332861100738,-0.5299770883477004,-1.3428777485513281,1.4237762381686387,-1.6769859178776612,-0.17751046203475518,0.2570476070150738,-1.5601215777383493,-0.20178803161610226,-2.11606763678481,1.3199852573421245,-3.700187741234621,-3.764726262372192,-3.4770441899204103,-0.3115691417793256,1.4174317496355595,0.8706497656729653,-2.560753458046256,-3.2947226331264554
SUM2,7,1.1861580793940902,3.0927004456583838,3.5514417666037,7.286444058040151,3.459458229702464,-0.2725488592942771,-0.6999928741212162,0.6802224409222912,4.527381669070789,-2.2224194095656866,-0.5694963851918482,-0.6760396330987248,1.7288243090157396,-1.6162836059953722,-0.49767065062059324,-0.1819208418344589,-1.1712093597921616,-0.5329387894580506,-3.240988990560261,1.1953072740476784,-3.033349625782016,-3.097888146919587,-2.810206074467807,-3.3210316982337975,1.1962176063818237,0.8546368018178887,-4.196500435587698,-2.7148958946634814
SUM3,7,0.5917383912789242,1.959381635772714,3.4420929836721204,4.22386344200131,3.637709055178712,-0.25122106750968154,-1.3498333561777907,0.7097146449824745,5.123430507017876,-2.818192670351986,-1.2193368672484226,-1.3258801151552984,0.19966152028927553,-1.668287087296326,-0.4060453748464141,-0.8317613238910333,-1.7644309478492275,-0.3487559423361173,-3.8908294726168355,1.3521377988480365,-1.5729769074920004,-0.8760490040921498,-3.4600465565243814,-1.465346243299635,2.2923673395435578,1.6639174228788782,-2.1930989530370555,-3.3647363767200558
SUM5,7,0.8839486509008667,0.943225260830407,4.3473121488971165,8.115686645896938,3.258960914980613,-0.27605190986897377,-0.15251346264196997,1.7174107794354203,5.0749826556642965,-1.77931794757437,-0.3571774546813433,-0.06466551554080802,1.3759726728949637,-1.4843631157935082,-0.1786777458437978,1.1271442620535188,-1.7866439876664426,-0.7305913134171291,-2.4651923688052353,0.9978224438801311,-1.9457086822961305,-1.4789430483241688,-3.0104194192885583,-4.214392223614494,-1.4843631157935082,-0.23160014729814016,-2.807478575291867,-3.1729383487863334
SUM6,7,0.9419927496662828,2.780740728330257,3.6512792995762977,7.722206320317658,3.3284830258506632,-0.6122933426927384,-0.8293578479305657,1.264375023860027,4.193485452572991,-2.197633703547777,-0.4505063883404903,0.6042826337865232,1.974553345438257,-1.5408541671587068,-0.6674451627678168,0.8354861020778337,-1.5408541671587068,-0.6726131329262595,-3.3703539643696088,-1.3920085395611421,-1.330133135843055,-1.5408541671587068,-2.6772067838096634,-3.450396672043145,-0.16386219870113017,0.7580203464388031,-4.3258654093970454,-2.8442608684728308
BAK01,7,-0.1819182913195343,2.227426338246045,1.8050423975661367,4.388476397995782,3.4699513371605013,0.04919342964385187,-1.1852204001833195,3.036868640708926,6.444472693731107,-1.349523451474596,-1.0547239112539506,0.9466123178395431,0.36427447628374754,-1.716454895580517,-0.5228448782901278,-0.6671483678965613,-1.4159685508827486,-0.6247391859714675,-3.7262165166223635,1.46073945899471,-3.5185771518441182,-3.5831156729816893,-3.2954336005299094,-3.8062592242959,1.400034223438963,1.5816703009418243,-2.1802920099105894,-1.7478710918138969
BAK02,7,-0.06292465793561508,2.1371337087629056,3.6763808187200793,4.384269597593544,3.4492363729825026,0.0017366454477976134,-1.1894272005855573,0.5235513907893843,6.277666771667766,-2.0049132333377466,-1.0589307116561884,1.324842096088318,1.7820744748450617,-1.6132414473619177,-0.09081491191744728,-0.1174285604355374,-3.3509336953196973,-0.5146291586938077,-2.0326927974448212,1.6473448660876535,-3.522783952246356,-3.587322473383927,-3.299640400932147,-3.8104660246981377,1.2807246661369742,1.0780016354239113,-1.4511855880275464,-2.383349669057991
BAK04,7,-0.36178374513398204,0.40462490640046944,3.273018890208319,3.397187022697016,2.777180985643394,-0.9527343438599694,-2.176509775482086,0.7872000575034992,5.591292910733784,-1.0382883487189298,-0.11233570593303721,0.9112214165725749,1.0135923933820354,-1.5110141262526495,-0.5526311788931908,0.4603807060480829,-1.0441306243431576,-1.1866306869504415,-4.717505891921129,3.339920327205558,-0.8772267913518244,-0.14358824943714232,-4.286722975828675,-0.8383239926822252,1.1480901353078998,0.8622239340650939,-2.697487770712093,-3.5935757952687295
BAK05,7,0.6233346197709411,1.4544675433047898,3.856596266635097,4.895692529969307,3.2683266849060146,-0.3153130192044902,-0.28112165445621073,0.5109578621893203,5.750098772855575,-1.5486997087367191,-0.6353985157109303,0.4582112612742071,1.5123869843624798,-1.3713656934538037,-0.2541770192127588,-0.19849663417920205,-2.33566564451432,-1.0712611010034658,-1.9356800021707805,1.1072713433206012,-2.227031803511524,-1.7551916264584868,-2.8089533489612446,-3.9616328588996303,1.442544898347883,0.10739389533817967,-2.6398770189173106,-2.1560800675392393
BAK06,7,-0.1638091149245442,1.5606567185695184,3.694478183941155,7.749748478135218,2.68964615136655,-0.4892315153591733,-1.5035834604095433,1.3338988335662494,5.25517249416615,-2.4198741922836975,-1.2482367686006972,0.15088575677330507,1.1674254690123185,-2.055652042709583,-0.8794291513365495,-0.04145102289814773,-1.9460898401980566,-1.5988936402138672,-2.5490859237637045,0.7849641729089143,-0.9090853609194367,-1.120591208153436,-2.515184372088023,-1.2671946823453117,1.923340736491122,0.05360376168068015,-3.0260099958540136,-2.971942774583737
BAK07,7,0.05775364626792001,1.2625664338435811,3.472398946800673,5.733230781136192,2.6061916575173494,-0.5067761564699325,-1.4071838421710838,1.7866538558781233,5.484589863616935,0.5507746454004039,0.13326119877606502,0.9234879491625616,1.0189588274700583,-1.6227801878499104,-0.8606401358030142,-0.19596462932438108,-1.6152895161207539,-1.354074016857135,-2.581303683347338,4.454810319319139,-1.2350146568411473,-0.25163763175062215,-2.5428374025195435,-1.2148119495236278,1.4492863640493994,-2.3699945896801324,-2.9867687914555034,-3.422086862713348
BAK08,7,-0.08036384372231975,0.9806275556014841,3.031816321071122,4.597531371016293,3.0104903743413227,-0.5141773068347391,-0.7923203562397614,0.9899000899415347,5.875958824029495,-1.3514088570551364,-0.3981707861241732,0.36169071181813717,1.4315046098790605,-1.6602228532103451,-0.7632122720816907,-0.5683332789371125,-1.9767939355142632,-1.1666302965681297,-1.9630950911561014,0.8342692002463332,-2.0556878779839254,-1.4728887545928462,-2.6360395643985273,-1.7117806628751957,1.6966217407300253,0.5308409653512935,-2.49918038168133,-2.690847800893523
HAR1,7,-0.4800512172280813,0.9630046535788992,2.827481688539439,5.02618856227158,2.5346594851084414,-0.4584377408075442,-1.7626671488731303,2.315178413968935,5.868314718766276,-1.6375040059191246,-0.6361646062231889,-0.15565642209664166,1.0612338069687928,-1.8187566155241734,-0.97696841094794,-0.2935367821740913,-0.5478443285231291,-1.4569665709186719,-2.3577531162568617,0.7825075529289887,-0.7201443268560643,-1.1715191362683068,-2.1590824214613766,-0.9524105601662765,-0.6225058572921487,0.49656750324730137,-2.861279437541241,-2.123680494410462
HAR2,7,-0.4363639187657613,2.0876240810647095,3.0017555230042947,5.368640082957821,2.6970577575614154,-0.48733036235778915,-1.5104350985177541,-1.1357416490763432,5.759548765260715,-1.474717015915675,-0.7670557924714752,-1.486481857495261,1.716168366834303,-1.2982605785741184,-0.7903804650378845,0.005025079345799988,-1.106992235790357,-1.2597942977463221,-1.6891268872611302,0.6335449642996531,-1.6396468299977602,-1.098927675953627,-2.185563773575021,-1.5665245651687973,0.0707280354481803,0.8452598197902406,-2.3397144534022782,-1.4924165930150757
HAR4,7,-0.5954251339009566,1.712943665209938,2.8323305852744003,4.018109048074978,2.6785187544931355,-0.4589977068167821,-0.5816000289091141,1.9908899166716374,6.0652777516744605,-1.8908485995390398,-0.7561713759501343,0.1319329085753047,0.8603260281969254,-1.8657426784079627,-0.8093307442302304,-0.17232829267938765,-0.4794483172880728,-1.2498871721496645,-2.601090213458286,0.7445701572323111,-0.6024100284229075,-1.0484051176166345,-2.2307164251613907,-1.0231785546709586,-1.0231785546709586,0.25419022462660923,-3.078014285548595,-1.611677216755167
HAR5,7,-0.3333386024136855,1.2962560392694646,2.9035029468317113,3.9344854019560986,2.7386398670403986,-0.5713707662216461,-1.6392113962230024,2.3933652140621273,6.004338300161546,-1.6452904422993848,-0.4779563215822211,0.2714528137706358,0.9924594127343216,-2.0266579988284876,-0.8102626745039947,-0.38904920942769206,-0.3448994248147619,-1.2038933249651569,-2.7021056022890333,0.9942023325655152,-0.8425235367222168,-0.9074264229576432,-2.2453471997933176,-0.9221109746405638,0.8833607564514727,0.03020922081280819,-3.248649308657103,-2.4144235298372516
HAR6,7,-0.42231677361084863,0.3956008400214017,2.539597640781214,4.312614051726388,2.726542771384531,-0.6579776613117518,-2.0305418296197404,2.0665262930694013,5.875069645012216,-1.4700606154078883,-0.5768720660270787,0.006340097641300169,0.8948980271052136,-1.8282196061191156,-1.1780626104905387,-0.21384341204443302,-1.1130397105592875,-1.2175934492471736,-2.2238324177842683,0.702250256078961,-0.049749369009743916,-0.5407067895590094,-1.8086111347307394,-0.2653960089097751,0.18536241026803513,0.44472252267602563,-2.614698726471281,-2.3915551751570705
HAR7,7,-0.5146049799148367,1.6870711151061748,2.7285996362972265,4.3947264271952715,2.497437156413322,-0.5736772699370691,-1.6682409700791787,2.450648374146876,5.8755715224782765,-1.3715090621074797,-0.5184364022263921,0.043644127474390615,1.4050133544433265,-1.7307613270605122,-1.073742870589073,-0.6235836755334798,-1.6865901087473754,-1.1287395463365213,-2.110747349867691,0.6209211025827264,-1.3231479904140588,-1.4128942782703344,-2.3082783253251753,-1.61513114476523,1.0069520658652564,0.38665946268453943,-2.483727002831368,-1.7974527015591848
HAR8,7,0.19311350396388072,0.544074709572123,3.273065934580688,4.140932140429605,2.7376041325883533,-0.8216850491060601,-1.6265362192460069,3.6556209691354438,5.350869492759878,-0.9486565108168499,-0.47290022908166485,0.21545537546838123,0.8778759251662507,-1.2944023842233916,-0.6479822800714166,-0.15184255586163875,-1.0626007701660676,-1.0154539917403653,-2.51297398797048,2.2084093746388738,-1.6698866601196203,-1.4094717140081796,-2.725148507914116,-1.755747950726013,0.34501636042264394,-0.14080796113792893,-2.9258192033762667,-2.1891869108765833
