Sample ID,Region,Li,B,Mg,Ca,V,Cr,Co,Ni.1,Ga,Y,Zr,Nb,Ba,La,Ce,Pr,Nd,W,208Pb,Th,U,Ti,Mn,Fe,Cu,Zn,As,Rb,Sr
ELS01,1,-0.3847739266543062,0.1672550689310297,4.2405318187405,7.092941142053064,-0.6242154763872341,-0.5724658545976018,-1.719513760365306,-0.0037728485110628,-2.16937423741677,-1.351979874580552,-0.6217289438172298,-2.410182624910785,0.3583757089868182,-1.3033533631403935,-0.9591950516482974,-3.311731075047737,-1.9786574101327563,1.650857680759839,-1.3728139614833932,-3.299609714515391,-3.9117878325416697,0.5834255982791277,0.7463514715279,2.406398061089393,0.8949220998499623,0.97218524877115,-3.8397087043921694,-2.047949235164115,-0.4173091150794117
ELS04,1,0.7807844093986835,0.5199633551139975,3.7030641812023535,4.5250370329680285,-0.3581302582934489,-0.5036601950768,-1.4916682298155317,0.5306996545612535,-1.7205921440452414,-1.588420370936758,-0.1762726309905335,-1.9891348762863248,1.124485745967167,-1.6850011989425386,-1.3346398501606584,-3.2301191455890805,-1.5209100794100294,2.1850336310751697,-1.3722854497770252,-2.852356640030252,-3.490845408052333,0.687032228106065,1.2056565443578744,2.4129366623934327,0.7338022051452779,0.9016634306745974,-3.499070112315993,-2.231223901609296,-0.8271249158558991
ELS09,1,0.1069817018899526,1.490959827898414,3.468158195508489,7.506718000599149,-0.898649042802024,-0.6473346145211174,-1.945075578299562,-0.5142373438916916,-2.130792724094656,-2.033628975641008,-1.313082820892948,-2.7175595010960283,0.1844668097961177,-1.0953593370480768,-1.16280061784361,-2.887118806276133,-1.5829072759447218,2.217112419166145,-0.9091203426693184,-3.1604121412758133,-3.348464372778753,0.6051993297996976,1.4349313404710555,1.9425888412749457,0.8706840356738335,1.0241165826156506,-3.729473608490714,-2.1470643684445325,-0.7090487223463513
ELS10,1,0.4820508927738647,0.5248095772517587,4.225174488019679,4.399960972186573,-0.0897549336536123,-0.6030018661086132,-1.0237344463475662,-0.2117791147159913,-1.6571623922058896,-1.3248395391314878,-0.4575468932489084,-2.302209777971423,0.9847892954357338,-1.5067453819306795,-1.059760268604328,-2.915739330566677,-1.4992919312760984,2.3517505721861003,-1.6629763620713094,-2.738532874439492,-4.242610271215766,0.7647365816958582,0.5476174158185967,2.6551784735167145,0.8340660968486717,0.9657023929931156,-3.636227253997775,-1.8743207479194,-0.9301397620634128
ELS12,1,-0.2707135117859636,-0.1523722846554172,4.080666103124267,7.854229099195106,-0.6877310949452795,-1.020723554240453,-1.1047000275349284,-0.0586868005780942,-2.1628209548483017,-1.1731027544193289,-0.862240112002441,-2.982719841047391,0.4209968869176181,-1.1205270967704148,-0.9327627800466908,-2.8003982842534363,-1.3257795946282869,0.7266244481877333,-1.2609189604262454,-2.99906897904892,-4.565489506399329,0.6569239151660358,1.12347843710458,2.551792413382042,0.5991500030608261,0.8035749348232715,-3.6668601268270895,-2.133962291515323,-0.4240622043674702
ELS13,1,-0.2373488077046053,-0.167132095653689,3.97743669655952,7.577829196000129,0.0633814903852556,-1.046443824286757,-1.4482029368006044,-0.4910803460898636,-2.075733262913526,-1.017975045235981,-0.5591604848934013,-2.536999195731057,0.8257390874376327,-1.2397162122674628,-1.047269247362924,-2.79461285743995,-1.351884410039518,2.1577370986975186,-1.4618592632480896,-2.953514140025807,-4.535553078271792,0.6742088730543276,0.8872572248058006,2.4544571766043903,0.7064805811418999,0.8916649454405094,-3.643962767507912,-2.03966625457423,-0.4489593788461925
ELS14,1,0.0441416978363857,-0.0969154091436053,4.355464271329215,7.706454786438879,-0.1458689186253909,-0.8102736303196814,-1.2869662477162134,-0.5151195430292006,-1.857717632413392,-0.9866131154360892,-0.6244858655492411,-2.3358300587730803,0.8738078251101848,-0.8390160991853364,-0.3314548026887784,-2.592082768694569,-1.2045515490372818,-3.505901311423335,-1.0240858542050066,-2.7883626777392294,-4.34500240460636,0.6680289361405825,0.7723298891472483,1.99324156140189,0.9500216323506678,1.1180408127940664,-3.705461367511013,-2.0801501059206218,-0.5910575642395228
ELS15,1,0.1515102288645646,-0.0308113279293902,3.841028367864769,7.612371475557637,-0.3187897405818871,-0.8347659304092945,-1.6857116144402484,-0.534992408976712,-2.012924525648665,-1.4179949732341646,-0.7601615571532969,-2.712544220714228,1.087894032416842,-1.254231267190847,-0.677074922590486,-3.0766679886659505,-1.6695636280322654,1.726663374442973,-1.030483668742597,-3.1956199315273155,-4.31550961864271,0.7777178538154734,0.7816512534062787,2.566143694199646,0.6201017262632842,0.7201265930728975,-3.68242656012236,-1.8756292135297643,-0.3992963453871461
ELS16,1,-0.2812263298871524,-0.1725110342124791,4.433510064903039,6.995395958119167,-0.311974909056576,-0.8391817540060256,-1.1605429334656812,-0.2517535762918284,-1.9104299426773783,-1.4698085775846366,-0.6796996891818932,-2.675803627291341,0.73719963337654,-1.1464084225307758,-0.583789629335584,-2.862181984780909,-1.4340904949825577,3.076434786932251,-1.3287299793247307,-2.9329185358726875,-4.423991848225755,0.8980564793558639,0.6039692609068226,2.859914486626861,0.5274900313916748,0.6206960547121363,-3.527189274437995,-1.8254760858947237,-0.4962507451493843
ELS19,1,0.0726098333777045,0.1390924804605777,4.120339381261445,6.7041890403934925,-0.517281754581397,-0.8448947363958439,-1.5180011660723425,-0.3146237770661715,-1.966025888599304,-1.7541254288592745,-0.6120814884636756,-2.659173069159249,1.189122680169736,-1.3173304706101918,-0.956120371506068,-3.240767763813447,-1.7899348815559852,1.961222239107496,-0.6844021500433017,-2.8502283059219584,-3.933914944373393,0.6915491005146146,0.7201276415717506,2.351017124535593,0.7551697693619568,0.8808796757936341,-3.5297951524687936,-2.0425248740089006,-0.4629056845984745
ELS20,1,0.172318210487778,1.8642456142971413,5.849678959957567,7.5903046690730545,-0.8092190071552876,-1.5697415901880047,-2.0507142508043144,-1.1383527970700476,-1.9394886156940891,-1.863502708716168,-0.7567932098154388,-2.5325523376970525,0.7126407954885217,-1.7340446414792805,-1.5281925872751314,-3.6799547905345937,-1.7128424338286772,1.9800499367757116,-0.9011355185441774,-2.615244053542166,-3.27448968242643,0.6761608938966588,0.7825092935294129,1.5032390965209697,1.1410643299375542,1.2926028145591542,-3.6384244599816906,-2.331267419420524,-0.4230329591961004
ELS22,1,-0.1890773268206178,1.4319565714586462,4.583590293102644,8.782257014606866,-0.8120850659227887,-0.8614101324852914,-1.9544201656047304,-1.9053640086155368,-2.5879290798449457,-1.2474031371806351,-0.7633797877938999,-2.313492234143185,0.0959722204779573,-1.4020130592662507,-1.1756592323217934,-2.865139852429431,-1.3860637578585742,1.069676944999579,-1.0873666251761147,-2.630946464928636,-3.3131645749563905,0.6549257259952159,1.2886396317802469,1.6212245230338316,0.8168409001163219,1.0377643296453805,-3.4843535739338884,-2.160579569795331,-0.5100616316177669
ELS23,1,0.8832334326672058,0.7793435055097016,4.185975517224228,4.674965292872696,-0.0710205251830453,-0.2340959799538415,-0.9622621868133684,-1.8933367148717608,-1.4061935757493291,-1.9592946826635584,-0.2535140658109434,-2.112498840886785,1.957828928892176,-1.502157564011073,-1.1063310847406769,-3.237958379591084,-1.8019025089121288,0.7357930799830807,-1.333720926936338,-2.747752043027828,-3.574430616212296,0.5756519252845327,0.7920449139890122,1.3641092856488028,0.9930738077177316,1.219274727251461,-3.82801388449283,-2.3810949015565046,0.4039163406818336
KON2,1,0.969405895007954,3.2949472230558543,4.2836679713400185,8.97739209617588,-1.3083845393728757,-0.0942593635829229,-2.1091623841251863,0.0362371253464459,-1.9043679714791728,-1.0105500954570772,-0.5088569552543589,-2.635255480021966,-0.6569100552134994,-1.3715634409944073,-2.4921546363812936,-2.204472563929512,-2.7152981876955025,-0.8057556828110641,-1.057070111091971,-3.5907669250494028,-2.1091623841251863,0.5296187134305521,0.7348735889638704,1.400134921588325,1.1599168256589585,1.0455164069207608,-3.7676974738578832,-2.38821358174052,0.2080435804659117
TAU02,1,0.9270735231953556,3.6934110759704497,3.191399317561875,5.77483331799152,-1.0129886559775343,0.2011365198124197,-2.2657516244729017,0.3316330087417887,-2.132220231848379,-1.9603699749217205,-1.378448429471999,-2.339859596626624,0.9502629681142664,-2.132220231848379,-2.19675875298595,-1.90907668053417,-2.4199023043001606,-0.5103597994157223,-0.761674227696628,-3.295371041654061,-1.2672227943617749,0.4769174158523461,0.7635183400549348,1.474408963401288,1.1589852361828,1.0907980583073127,-3.6355165110398673,-2.4071679007157867,0.0065027335253664
KRS01,1,0.0747168427369366,2.421647128258555,5.002236903325247,4.743091940412457,-0.330748265371227,-0.8306048577666445,-1.809415946622133,0.1881330592269803,-1.9475662851029512,-1.2452024494380811,-0.760400599093396,-3.371600974205688,1.3126647254471644,-1.382673440066684,-0.6135403525288163,-2.8010561157380742,-3.451643681879224,-1.046201203445471,0.4899381257904656,-4.327112419233124,-2.1298878418969043,0.5253557385040328,1.2571265841654753,1.5808935710291254,1.1131628493317909,1.0311759097846231,-3.517756869615769,-2.353732315761491,-0.653958863172118
KRS02,1,0.5346956845083666,2.491611447400282,4.668125522760226,4.649072986552687,0.2628499933194872,0.8487865189334443,-2.292899667243627,0.2646967159126516,-1.466221094059159,-2.2463796516087333,-0.4776097006053774,-2.0415852389627203,1.4402244886680666,-2.504208760910834,-1.7265041923228257,-3.0348370119730044,-3.545662635738995,-0.9491649205425317,0.0897281334239554,-4.421131373092895,-2.9395268321686787,0.6132682396392677,0.6670390911435455,2.019445562443172,1.1871401071486458,1.023460437160422,-3.743384844136628,-2.100596256369041,-0.696174510656594
KRS03,1,-0.0734343716148746,0.7064427732411307,4.131392625899534,8.735610437464885,-0.90713164974475,-0.264459990595066,-1.7449752067928266,-0.4973580472508629,-2.397060900554997,-1.1312471758641394,-1.2425681534924315,-2.8926771056574587,0.0189554997380341,-1.2870199160632652,-0.8802929781346798,-2.911725300628154,-1.554701321808377,-2.538836362954603,0.4314082800792409,-3.513064931934977,-4.4650737464112105,0.6432780590713243,1.0002755316372678,1.669508667059744,1.0604511146106226,0.9779565732385104,-3.6566991388131775,-2.2397474766228616,-0.4301546800176745
KRS04,1,0.5617683272278242,1.664719017494532,4.435005307620814,8.047427864683074,-0.0520052657906084,0.155215671432261,-2.906870335229863,-0.6112864376948011,-1.7554155651873735,-1.6311178485097972,-0.74649203127961,-2.3914043319073706,1.0326773435883725,-1.705225820663518,-1.1546417047584434,-3.171562889456945,-1.6913367085028526,-2.2736212962509867,0.0090130103237093,-3.057152538279201,-3.2023345481237,0.692778577843312,0.7014562774998971,1.660624033730444,1.1760517046933328,1.055550574845138,-3.765041116363253,-2.217296772934493,-0.3499801656508161
WROT_01,2,0.585162377266589,0.5374063619465241,5.050158848558287,4.009598753640475,0.3761993558624494,0.0221891670108673,-1.35088690302317,0.0899530338367728,-1.288244117050498,-1.6205504699722733,-0.4521226030657477,-1.9496425992958624,0.788347066404981,-1.4005865715754426,-0.4000483636951264,-2.9807336870884784,-1.4986606523632355,-0.8584104179253762,-1.5368514510956262,-2.4555782377676616,-3.866565211477924,1.0937407155216134,0.2347140108370324,2.886925024696257,0.6606151922085037,0.5187989571079639,-3.522901871628715,-1.3450953801495968,-1.0268397276689294
WROT_02,2,0.563420185413289,0.3099154239304109,5.207559686947709,4.067032105138338,0.4635312793861024,-0.0906281638493808,-0.8635641483110277,0.6957956421791254,-1.4030322359423382,-2.0924129337068065,-0.6548252781993664,-2.2687374710283867,0.7438916029190823,-1.264090974778609,-0.4381310505650635,-2.8238789785688896,-1.4201592007351396,-0.6601968220012768,-1.443461225937983,-2.455553417410182,-4.092390304032397,0.5384288192070072,0.4817773762270936,2.460171327319292,0.9104546812317152,0.8641704534831329,-2.8428532527542067,-2.185552203967397,-1.0487491165668974
WROT_03,2,1.074185559847468,0.815406467098633,4.115358684513211,4.094590760371191,0.2871799297163839,-0.2686752078407197,-0.9091390250581028,-1.5045795395116706,-1.678426469314653,-1.2603825789996286,-0.6407025503215555,-2.230161995824769,0.8001309527946878,-1.7505889155628829,-1.1098097205202544,-2.7336883171091486,-0.9179756068586018,-0.1814062648483778,-1.0574417350029384,-2.566634232445983,-3.562967671993676,0.774003194256287,0.64120413414344,2.3286328701953924,0.8938733191818002,0.901426225177731,-3.549915809610314,-2.0280759564941997,-0.7733029370708069
WROT_04,2,0.6853316316720317,1.2136504128855394,4.45240641055575,3.795562111301002,0.4397504054236378,-0.323049494882107,-1.2315909805100285,0.1070967263425295,-1.1736531434038096,-0.9334376081909525,-0.3090043201790591,-1.9568264756214744,0.7536362718861191,-1.72502486156415,-1.2673090631121084,-3.888347887224688,-1.1507388838809345,-0.3649328728382839,-1.1157591649849072,-2.566592047242368,-3.793037707420364,0.7191599340715538,0.5687699046226142,2.3070916412846905,0.9730321601070142,0.9423034853857636,-3.5364527757466693,-1.8841948661296408,-0.9384034698587876
WGI01,2,0.5799389995290483,1.519103985817729,4.0279625018225,4.119128228507572,-0.216633609445779,-0.5250326110473535,-1.0430611471074025,-0.1669232896214785,-1.6478591578360575,-1.597669413312203,-0.520259332294696,-2.1660648888996707,0.9869876392428568,-1.448526255215567,-1.1224347346489143,-2.7538515538017894,-0.9257244404028606,-0.591806483586744,-1.2722470128775747,-2.129697244728796,-3.4694715902137947,0.7143699428177381,0.8975300740843135,2.3191662270602507,0.7704838142960577,0.7356190822998645,-3.674390724037487,-1.99200381195722,-0.4436931602041198
WGI03,2,0.3928282740979814,1.2329965320591327,3.5801185957042247,4.421898909703041,-0.292779829288798,-0.6686444676206715,-1.8218449465731847,-1.2005235005844952,-1.9371557930841783,-0.6348470880373815,-0.5676685502806693,-2.411613772679294,1.24182353478471,-0.7432333246117446,-0.2344299462265215,-1.5391256634635324,0.1790997217183729,1.027544371222083,-1.4953230408051397,-2.3765224528680253,-3.3459230100561275,0.4980090741586802,1.2933592722292129,1.856172813124846,0.8655441703781084,0.8750114094344412,-3.897850020824877,-2.1905078934094053,-0.3024966247217642
WGI04,2,-0.0968300355584421,-0.0706942466545914,4.292849294628004,7.898566821811773,-0.8187051756685886,-1.0294355527349612,-1.650479439393564,-0.4652906508898837,-2.1877383202277088,-1.273831379708831,-0.8925220354800025,-2.817463674350158,0.4675555284351897,-0.9400904523991116,-0.7296771607381416,-2.417600821790664,-0.8301251703545365,-0.3729329671196613,-0.9048223135616542,-2.817463674350158,-4.570862275705768,0.6706822599344955,0.708645901897726,1.900646012469168,1.0623168220647246,1.0399906328281334,-3.629370791779713,-2.05767320732846,-0.6485641684423977
WKIR02,2,1.5507230130538332,1.2710146351283695,4.666594672944058,4.267253226154224,0.5915850907972233,0.0459492374193333,-1.9237526761933168,0.1271969096922127,-1.0942690520812404,-1.9464809272708727,-0.2139103294331485,-1.890600468876416,1.230135088307445,-1.5761071389739794,-1.0233173161089564,-3.416656772371466,-3.927482396137457,0.5307333768939717,-1.6938901746303614,-2.6511889302318945,-3.3213465925671404,0.7492345548284476,0.7347524040907549,1.908131162245522,1.1287502701834629,1.055216186137314,-3.815609545402341,-1.9256580499950728,-0.8562449160192251
WKIR03,2,1.1081612969046368,1.5016189519497454,3.870939468350312,4.224083900569952,0.2139397183481497,0.1537908716576508,-1.177443712279212,0.0840275841079405,-1.192868182604844,-1.719359923115234,-0.288041880621388,-1.933769794460689,0.8070702294645118,-2.024741572666416,-1.2032849434630997,-3.459826097955739,-3.9706517217217296,0.4165697298292565,-0.178914882168085,-2.817972211783344,-2.817972211783344,0.809294323368372,0.5769037486255528,1.9480004532398307,1.0064579336287771,0.9463109600552104,-3.55719557215638,-1.6751892250805476,-0.959456391871853
WKIR07,2,0.8210166305432471,0.6914936560038427,4.093480927122549,6.709115469991274,-0.4753780146834021,-2.038930630640701,-1.8926026764946504,-0.2481817729185689,-1.935389951699861,-1.1141908442800172,-0.4640214257510662,-2.3245945389362443,0.3693785482751286,-1.5100865013720313,-0.8776755559999181,-2.7881672778516897,-1.1890387350764495,1.1931904209775208,-1.2152869611513868,-2.7628494698673998,-3.886779566519799,0.7160302183367349,0.5123788947364458,2.448288960457176,1.0291569170297317,0.8844569868118732,-3.5671505817005142,-1.9230271112785235,-0.9407784116125716
WLT02,2,0.4121980090098027,0.551257124521122,4.742397177101933,4.518589222028517,-0.1243855572295489,-0.3858504832924909,-0.708067547307536,1.1396975978806596,-1.568897413913315,-1.3966170186188511,-0.1340724266477702,-1.956806365503177,1.4217812396522236,-1.5314598868411844,-0.8867092471430897,-2.879139411833296,-1.2146777979029633,1.4277880836523913,-3.331124535576353,-1.9730010514231584,-3.7130591462743223,0.6388398172141301,0.7046602985016288,2.7091654384704724,0.8060985413471169,0.7268325951531271,-3.5474000097122267,-1.58028765300631,-1.118182265784815
WMA01,2,-0.0824105718874701,-0.1174646123459055,4.201396732051334,7.670436288135588,-0.5148543064485249,-0.9759965100678692,-0.8269609309073811,0.3165383390889298,-2.182239462928344,-1.1261867886790302,-1.2269465732509186,-3.069136896105867,0.245425213378966,-1.2445876040548214,-0.5464473479342118,-2.5991332668601306,-1.0106020392453434,-0.2190285403681482,-1.3525469702564925,-3.062264016818105,-4.910376422597292,0.5373193884836911,1.032202869940249,2.5554672986214992,0.7002604937279835,0.6738214123953599,-3.590198947420408,-2.019600868302572,-0.4916092884267091
WMA02,2,0.939835889268222,1.118345012927521,4.169827783264287,4.833983176840476,0.8019899184659076,-0.3957132728464332,-1.604326456728871,0.5593974508773041,-1.6704165685578607,-1.536885175933338,-1.1170313303730746,-2.7087696657077744,0.5309402460632686,-1.5700373832502388,-0.7211356732810605,-2.345101686278072,-0.5864030793109043,0.8560571397361834,-1.419102140276955,-2.6086862071507904,-3.660778480184008,0.6205120235093453,0.8113085559480941,2.0515275597207605,0.9567009138086232,0.9651665728331716,-3.6930176484405366,-1.991642240680751,-0.6121275665462393
WMA03,2,0.7410262139861281,0.2750036036254686,4.008695125329869,7.37172052931801,-0.2350073561443464,-0.5097442640040892,-1.7722003617051172,-0.5108166501658431,-2.0498320983033977,-1.5460310894743703,-0.7842939383193066,-2.7037585657100607,0.5653715524324614,-1.3743398529821729,-0.8129081938377745,-2.3111968624378054,-0.7758669221574266,0.5439289563966856,-1.1039825641876977,-3.044084371647264,-4.212655248922284,0.6707455258097323,0.6587594348021213,1.883146150751604,0.8973342449971375,0.8555291273434618,-3.437666293623804,-1.9966470328146668,-0.340958102729811
WMA04,2,0.3889465192827606,0.3707708099125435,4.084843797964786,6.4501430978689,0.1136751073173183,-0.3930476228912969,-1.459886607248344,-0.1144619153167827,-1.849460348019874,-1.4737117122401855,-0.8088017018618512,-2.5225399655290106,0.3432495489618192,-1.6426659347071937,-0.7993004427377111,-2.944699952209345,-1.239034007680691,-0.0190433872811368,-1.2995439571731646,-2.7776458675461777,-4.448777348985618,0.6076894374903117,0.9220397570242542,2.5223351262919333,0.8049760349682229,0.7374129135186136,-3.668976681525744,-1.8727228227098487,-0.7034250251217435
WMA06,2,1.208060065200474,1.02289865895294,4.187844957007084,3.994130263775253,0.3293023429711166,-0.3139001610725715,-1.780237229865998,-0.603293097927982,-1.6882997345403137,-3.741073029137988,-0.2736937405945312,-1.9063885151929,1.0516680695302023,-1.3772443109032233,-0.4829764911165055,-2.495857266278003,-1.054300226483062,0.3732461442142361,-0.8565663906942209,-2.4808193889134618,-3.5944695549461123,0.5948989659731767,1.1348185039328753,2.2438814616403517,0.7789920024155133,0.7994306700927876,-3.6000891220286118,-2.1225033406993137,-0.533405112502336
WMA08,2,1.2986683748888996,0.9542802749428176,4.17882071302417,3.932722366165053,0.0465462266653808,-0.2776695891188554,-1.5104779430846795,-0.3600405865519835,-1.6717460906808013,-0.9539062975304846,-0.0147091994474219,-1.8416451274761985,0.9341790956217312,-1.6111214688643667,-0.9661763901222988,-2.7395867206821576,-1.2017424614350656,0.2696897779795906,-0.9661763901222988,-2.6525753436925283,-3.414715395739424,0.7560712113288233,0.7690256926006285,2.1720720519383856,0.8249916426694139,0.7665198742140804,-3.7332897961161846,-1.8739721758768384,-0.4291245060053739
BAU02,2,0.1621554856764246,0.3228518598063177,5.040419765532121,3.840879065426513,0.6163633746945179,-0.0294026269179834,-0.9370539962014311,0.5142827913325041,-1.1193755529953853,-1.6968925512600492,-0.54724242867327,-1.7201494134243165,1.027372851844187,-1.0959951043513216,-0.4230077577353981,-2.6364401452984705,-1.2575258914762024,-2.626683970353106,-1.978209229844753,-1.840877959310456,-4.042537133714541,0.7421423621484671,0.6965775343038825,2.2515895545956224,1.1289984524005754,1.0071763531447773,-3.9896604747729913,-1.9383898100598511,-0.9267888983813712
BAU03,2,0.6639138382874785,0.4955475008062073,4.928799971645248,3.8899302322817495,0.7120611935817474,0.2963441570380052,-1.3017337936061564,0.4301275340408299,-1.2755027814572868,-2.590003450558433,-0.2577425894182719,-1.5883090590827456,1.2347014495732278,-1.6428680433331797,-1.2188838874577774,-3.75074752033355,-4.523937408567032,-0.0213538113540412,-1.6106813568372784,-1.9718914559414025,-2.881709673309939,0.864642480801364,0.5476351496976362,3.406230446823556,0.862561933164252,0.6502197001502354,-3.961595028556524,-1.886793866433191,-1.1571129425407891
BAU04,2,-0.7379841839500045,0.4886619573834325,4.8416066055587805,3.386393555169036,0.8222950753783218,0.0690956885122666,-1.686751504502069,-0.3072764586542327,-1.0082745136899165,-1.5976387770261136,0.0834173321336191,-1.4757198418256818,0.9922730855202566,-0.8169622955997697,-0.1994263759201207,-2.598199611900436,-1.2228343213127344,-2.1594772820357884,-1.230187295617994,-1.957108793296544,-3.979674686584377,1.0285378605915985,0.4670325463649512,3.076303775181033,0.7957837143142936,0.6536842262507045,-4.123244679293851,-1.481086572000344,-1.0870382978120854
BAU05,2,1.2842626649510391,1.14476749595348,3.573092974142829,4.4280744742323535,0.0003360853185601,-0.1490092032337591,-2.919363287672125,-1.015125835017379,-1.2887231675874211,-1.844848550583075,-0.3654637663971725,-1.7082730155773245,1.4414579505705598,-1.0098207827876855,-0.2403006234431668,-2.40142019613727,-0.7877359928217187,0.5857650168382627,-1.346293019408899,-1.6071768987059558,-3.160525344489013,0.7984268211421695,0.7407673194035573,1.799829622607212,1.1186311888401217,0.9829124771352608,-3.4460424704906365,-1.8813404518979275,-1.0538452188069036
BAU07,2,0.3793758842245909,0.5950225241246221,4.503733792842943,3.806359251158767,0.5056193736915224,0.0091451676784233,-1.957580997514615,-1.814889235491428,-1.2312482679690158,-1.723455029531796,-0.000341751253333,-1.608913487799584,1.2778442437560242,-0.728765958394094,-0.0284631122387359,-2.466363719650806,-1.0724454334202551,-0.1980321051352991,-1.921432483398304,-1.7137931186200597,-3.2901310826278145,0.9239498215454208,0.4770253899206027,2.0928183872938755,0.9651794935589764,0.823727894792631,-3.311802232213682,-1.7253538380042812,-1.060510433607187
BAU08,2,0.517217963589192,0.3782972514390641,4.520862987772572,3.6058948850080497,0.3191291906205054,-0.1798974761463734,-1.825776667742729,-0.3602329349686988,-1.3799020212966884,-2.1238215272300573,-0.3638107563165826,-1.9403432323082788,1.2273001420773522,-0.8475280613244953,-0.286805466413881,-2.593825156475792,-1.2300036512079604,-0.0002302009372918,-1.7706248476676505,-1.8413613987594275,-3.4560486670796715,0.9373394581015546,0.6275212868307007,2.398559433245504,0.9733942977366196,0.8497461426278381,-3.6574436350000497,-1.7754372879242162,-1.1781080302615043
BAU09,2,0.3951322654364491,0.0839267470893148,4.6512080191623415,4.389441299866171,0.1553020623125496,-0.1971067665714754,-1.8729591219045831,-2.087555612640334,-1.6472437732020024,-1.3375455701858456,-0.2878490817197479,-1.6135705580954145,1.011194007962919,-0.9506777858932712,-0.4003689473318568,-2.6235172096778667,-1.087627985266579,1.7757463751638722,-1.509867043645217,-2.0982509017570825,-3.740478637014173,0.9073904934764032,0.5407850804466388,2.425846696675773,0.9932715829918766,0.8483287789851413,-3.966070416716829,-1.7195747903738263,-0.8709042461746508
BAU10,2,0.6705618477329285,0.3838183018634122,4.90506971424497,4.637535301765671,0.2033711598638081,-0.2864530743677953,-1.471854493108295,-1.7568734481405928,-1.5552361020473464,-1.869351431567284,-0.4508434504637373,-2.2571169625760463,1.0573879704997564,-1.4599259222430223,-0.888522178555557,-3.997583137416551,-1.650981159005732,2.222808205761368,-1.1296842353724452,-2.493505740640278,-3.559328206485396,0.8214049335046387,0.4816329688665046,2.658660668106508,0.9551650700970368,0.872423666045409,-3.7955474211817126,-1.7347980125140294,-1.09991974007806
GER01,3,0.3497835154146074,1.3651779416644183,3.474708687879559,4.243838142486359,-0.0624843400163097,-1.3298586556927416,-0.6928009417838403,0.5414772120374254,-1.5837738656737042,-1.924944623076472,-0.4099381557680077,-3.8708547721317856,1.217216284210867,-1.9814568333398144,-1.0839459961172553,-3.4400718560393315,-3.950897479805322,1.1560575852966108,0.0714735827916897,-2.880456068103909,-3.344761676235006,0.6098919102654494,0.7437062283410034,1.939576992671389,1.1311888338987357,1.063419292179718,-2.9753262639436207,-2.232417573824611,-1.2761595815433902
GER02,3,0.6324082380049774,1.480182175525667,3.410468077462088,4.509655746760348,0.3328035205962898,-1.0640410514187533,-1.763267278055081,-0.9335445624893844,-1.3741959797225922,-1.3993019008536691,-0.0719122431530934,-3.605037167857797,1.3551142208064668,-1.469506159526918,-0.8617188279181285,-2.8741496593150044,-1.3179562613997169,0.2629535674198457,-0.2141491558545025,-2.4811070712053978,-3.078944071961017,0.6967441629737774,0.7130303122760311,2.2469402365130984,1.1477658026843087,1.0477888801099549,-3.55069231772734,-2.136998982419335,-1.173205916560176
GER03,3,-0.1710257169483657,2.094518104365332,2.1950827717280967,4.778516772157742,0.0069574382469905,-0.7951800260213595,-1.256734600780567,-0.6646835370919906,-1.7902516357486284,-2.956686520755498,-0.3520494150267206,-3.3361761424604026,1.5955269382463433,-2.404617938455459,-1.5703921596356096,-2.9053932263679485,-3.416218850133939,2.890968429581345,0.139129211355474,-2.3747649753057782,-2.8100830465636246,0.6347160739675681,0.8231418347035131,1.9037137381853235,1.2173698983017984,1.1855763338006122,-3.2502782590726587,-2.315969021695825,-1.3174401915846985
GER07,3,0.56311509278488,1.3929494636403614,3.6777747851069855,4.288118499983574,0.7762854122203358,-1.285578298195528,-1.7764032552548483,0.2955848357704065,-1.2916573442719097,-1.078317793054321,-0.2845008843538537,-1.9848045248318549,1.4698180235038816,-3.6189350498563257,-3.683473570993897,-3.395791498542117,-3.906617122308107,1.695194148207798,0.0541960472894711,-4.782085859662008,-3.3004813187377917,0.8040261538264639,0.8022632622284345,2.2169337186818665,0.9814922607811916,1.0584669585486393,-3.458213485479368,-2.17035919717273,-1.2168391235302185
GER09,3,0.4178105388342841,0.976876302004726,2.75102264663368,3.995732627787088,-0.4900477935152736,-0.6557149154040909,-2.83951647240817,-0.8380364721980449,-1.997949286729951,-1.1096324068982018,-0.7550873892172945,-2.332698870039718,1.6840097245394112,-0.3137878280999144,-0.6900825589082986,-1.8763421546351635,-0.4379914315592206,1.0664884606944138,-0.0582158095663665,-2.176828499332932,-3.255031916369835,0.669639672986269,0.6133238205827807,2.2968310316716134,1.051980368464077,0.9773350796567316,-3.352646098127045,-2.225862932492239,-0.9730999639968712
GER10,3,0.3315634554664459,0.4830913152690002,3.932655491068861,5.287703342813912,-0.1032418610051362,-0.2960759981881775,-2.073408987706009,-0.0616358601726725,-1.8194937777250455,-2.6213741584214576,-0.3448001143406776,-2.5187200043613727,1.0668293916451184,-1.7214325645488309,-1.4701181362679252,-3.9297069780716343,-4.440532601837627,2.178762524288889,0.4684390384821295,-2.44810243714742,-3.5581434216391523,0.7857359537199549,0.6367752619164362,1.585943043919273,1.0885636998153227,0.9955572327564124,-3.1967455153567523,-1.9227803392107807,-0.953379782022678
GER11,3,0.4774598775639473,0.7281984348240442,4.003602674817451,3.9485018116834314,0.3655809180985088,-0.4677421978046281,-1.733928186632137,-0.2557077436921613,-1.583645983582799,-2.312299852599653,-0.2358749044592434,-2.021610259083917,1.3252863071267322,-1.687715343477005,-1.1476441516145526,-3.4353035943919226,-4.246233810608252,0.861729827448567,-0.1271966357957792,-2.0126415891011566,-3.5530866300483064,0.7731316358496452,0.5772181255362239,2.4317564591356287,0.9421709281706544,0.9143418044011686,-3.3991744678421667,-1.9602363732368544,-1.1074590470850256
GER12,3,-1.5802673464795909,-1.2533355117961094,2.744695280774048,2.923353447718137,-1.1808628629831182,-1.755664293336915,-2.1486068764461885,-0.7726996082127853,-3.155551976588474,-0.5891998976176529,-1.7290197331144688,-3.644716103573287,2.0959950823160205,1.63615834936303,0.5832466530615088,-0.4251262479714279,0.9669803589160813,3.4237245797882085,1.1906205343787963,-2.156639048143453,-1.7747471077533552,0.8034130413977221,0.4692584761814391,2.5351480704407563,0.8340032283282008,0.7675996902403188,-3.5608089686426525,-1.7888521267107769,-0.7772512150322974
TAT02,3,0.9482190399696916,0.5444000227681958,2.9891041179051414,5.91231095754175,-0.4997988441761194,-1.4529765658573357,-1.1036009244002152,-0.1619923845417696,-2.1281052409146035,-1.5219694373442874,-1.125200036203677,-2.797721924064353,0.4754658901575865,-1.1929460247360648,-0.8685625854338559,-2.498479029211497,-1.1836436320737516,2.1911273818263237,-0.6481253957173889,-2.7522595499875973,-2.5886301262057945,0.6586350266716781,0.9386595608350152,2.2964235913538578,1.0364442826843838,0.9245847331313786,-3.6884118891061775,-2.29322858056904,-0.7725735247729517
TAT03,3,0.3911917545866483,0.776247991063606,3.617193643791104,5.088098248587448,-0.4879199740457522,-1.6882497870931878,-0.7280871708900207,0.14505868504774,-2.0320213261960127,-1.2069466025935185,-0.9391233387913412,-2.574687555817661,0.7788219950587782,-0.9136622745930678,-0.6871723732515136,-2.2615957678405127,-0.9277272040604716,1.14425029017102,-0.3612551682545888,-2.8821722555656226,-2.965553864504674,0.5951017805588865,0.889017933840984,2.178624047413153,1.1043343225132138,1.0018925209035987,-3.443411759693526,-2.2622784473374127,-1.0425882271160667
TAT05,3,0.4986600775375667,3.206281462166653,2.8550754370083684,5.438509437438014,-1.3493125365310412,-0.1351873607410869,-1.309307201917342,-0.0046908718117189,-1.6576138961855582,-2.296693855475227,-1.7147723100255066,-2.676183477180131,1.2511070003788038,-2.4685441124018856,-2.5330826335394585,-2.245400561087677,-2.7562261848536678,1.35054089736699,-0.0261970770326822,-3.631694922207568,-0.4289484792692501,0.6597856355456813,0.8737023776151243,1.8037333641311264,1.265609844684784,1.2130166466221777,-3.5346784596187883,-2.219001665712851,-1.2320933666247424
BRO01,5,1.2147450099011836,2.321885065323169,3.6121363774230817,7.308164658654858,-0.4410929781376804,-1.2726837093195256,-3.739571853604848,-1.1421872203901584,-0.5978856674277777,-1.1856723323298963,-0.51499800762201,-1.9597885754235085,2.789534109856889,-1.408815883644107,-0.9190436690759478,-2.571966693449787,-1.5110947327645237,0.0014933536796579,-2.2354944568285733,-2.571966693449787,-2.549987786731012,0.69110961722975,0.7034646051275115,1.4172711667097355,1.1000495364788168,0.962877563960422,-3.547981942556428,-1.9952968467147767,-0.3500128025075408
BRO02,5,0.4252156644191514,1.3563336860557236,3.064643405565852,7.267955406711823,-0.971506319862998,-1.1083375504900754,-2.7952173888976564,-1.2697258976175654,-1.3130227033708888,-1.6095937232399162,-1.1652131988820784,-2.7082060119080253,2.289569166458625,-1.2640920798993085,-1.0121536266371542,-2.051426475518955,-1.3992298985721057,0.7586453399755664,-1.0121536266371542,-1.9799675115368116,-2.2263679250152872,0.6757295958096141,0.7192704040929021,1.3420811686940084,1.1421272549129358,1.0058240205287516,-3.511833095244588,-2.1606300539359675,-0.2262658958777148
BRO03,5,1.3104260457718755,2.1962754370352453,3.651181440411485,7.048411778944616,-0.2682927276246944,-0.2557664678055138,-3.794653252240855,-1.1972686190261657,-0.5283487338015442,-1.646218839074069,-0.4298235147495752,-1.8487431031855417,2.8894226175951907,-1.443277995077378,-0.9324523713113876,-2.720138515151807,-1.621526226483696,-0.1837353395966312,-2.2905758554645823,-2.672510466162552,-2.696040963572746,0.5890107266922691,0.7131413450320858,1.2339377560331246,1.1504627558581064,1.0229174136988872,-3.1663584686905,-2.260118072669847,-0.3272800051818865
BRO04,5,0.955798457209939,1.3206594491373398,3.4444497922248694,6.3841458259277,-0.5338877659449173,-0.6628908489446923,-2.2236205610633477,-0.9454226954201576,-1.0437053251094133,-2.282709477433354,-0.8749089110924988,-2.31811140448427,2.8729918777566184,-1.699765437007022,-1.0874703530761725,-3.002289915061453,-2.017006311700348,-0.2054442151761133,-0.4737082017707923,-3.0573496922444825,-2.933297043574504,0.5798971173881489,0.6523682532514252,1.364091819384306,0.9637261613884904,0.8112695358372812,-2.947957803521066,-2.1656828430651136,-0.1328536062546965
BRO05,5,0.6799852356267913,0.871066553789551,4.133632011781433,7.866572199937797,-0.3870377105545781,-2.325997353783368,-2.5956609207324703,-2.195500864853999,-1.1422272567749516,-1.0845536180279378,-0.7153480541629698,-2.2671568537604347,2.663238887892799,-1.292058275457693,-1.01032055987743,-3.1144547141476373,-1.7149151262777274,0.3289503681670753,-1.5402986158581768,-2.943306457951808,-3.935435266217468,0.6950786359131511,0.6691512576570142,1.768138710463833,0.7670165874759869,0.6972700173598554,-3.753072176143205,-1.945808520379184,0.3740622089018877
KAS01,5,1.885320460993388,1.6174545477290714,3.5893624881032777,4.4836104813228905,-0.1595296359168294,0.2202757254107572,-1.8632782278221711,-1.1376957715090716,-1.3178919289907132,-1.6556388630439267,-0.2850928588921748,-2.140031229741762,2.2466944918367022,-1.2803875335322583,-0.7077110462265894,-2.818789672849608,-1.2989639191051945,0.5275994723175526,-1.2803875335322583,-2.736551574612635,-3.283095280980705,0.7769428556536964,0.6594152804661948,1.4561973507164965,1.1475721044194729,1.0447558703964082,-3.336489208942653,-1.9501948478227624,-0.8386457681239334
KAS02,5,1.24823513554995,1.0922907332686655,3.26940623300632,7.812309894958529,-1.0315699291122753,-0.6072644025421967,-2.121213547797624,-1.6032704562627709,-1.641215387826894,-1.6247766614837331,-0.6131757498052535,-2.522224305556409,4.999663806257638,-1.5514453883981831,-1.3801269049485605,-3.176150772963072,-1.7521160838603356,1.3318870612527445,-0.7899789638607606,-3.0555227851744577,-3.748669965734403,0.7630031245730482,0.7256056041877548,1.3682327637794611,1.1825273030940333,1.057088355132418,-3.1793655683831465,-2.3129466665491645,-0.6612332709668256
KAS06,5,1.4388990666484052,1.1550525696485217,3.366416978945921,6.525987831645695,-0.6280890139601434,-0.4557177880193572,-1.796401637887196,-1.6162054804055552,-1.5199286499701357,-1.4544847417177502,-0.3101754827286989,-2.3753106287572967,1.7737588331540497,-1.0905960604553266,-1.032564512883142,-2.575981324219449,-1.1724748342184368,1.408620707342144,-0.9445645050665732,-2.725513058190413,-3.761604989877188,0.6095801235096214,0.8881921061002589,1.6902080183224786,0.9158500917294936,0.9033412420377848,-3.589499758976386,-2.460115811641524,0.1911324183263474
KAS07,5,0.604795906970387,0.4109943139401935,3.627747405475608,7.810626517462849,-0.821493660693764,-0.7449535835714292,-1.4486828734619115,-0.1945392613674164,-1.6540929142879603,-1.429525199428979,-0.3928825226926369,-2.6794459111554163,1.4933098706654775,-1.222835051618067,-1.1091757331455456,-2.868412010668039,-1.3795610612230569,1.145011680630243,-1.1954360774299522,-3.005377865741198,-4.400888881966012,0.7577691369514472,0.5856344254644861,1.8427636523411624,0.8877390185814911,0.7554912316384534,-3.3129655596315195,-2.050723847181608,-0.2610630146104737
Chmel01,5,0.4818428305445819,0.4649864402220807,3.923722662107374,7.587165023895215,-0.6470189057824669,-0.7763856279633412,-1.6667992453786376,-0.5225169198773383,-1.7048990916109066,-1.367502640506162,-0.8235147683048911,-2.401287766095024,1.8571761758226497,-1.3446705984635177,-1.1014146373622111,-2.8231198516673928,-1.4196471540124185,-1.337921416488589,-1.0379829231998308,-2.9955891120183367,-4.347197915150337,0.6160725291047395,0.4905723453656083,2.259142369674753,0.9341432505284466,1.0073971301035582,-3.306111444354815,-2.1795253036442994,-0.5645853140562158
Chmel02,5,0.7308551140125745,1.4773880848113166,3.5620227703454974,5.860665148222435,-0.4785821847854405,-0.3069722835864139,-1.7901164706962227,-1.3243591323319377,-1.4250026581116249,-1.345865337552901,-0.6609037415793955,-2.094892976507303,1.4847871856416417,-1.59795646490198,-1.0969692901362764,-2.732159698672792,-1.51737597824264,-0.764743344396515,-0.8114081092536329,-2.799600979468325,-3.302704557140405,0.6718591095896662,0.5280165637084262,2.0293076672360173,1.0421755238941754,1.1727074141865,-3.2522852563708247,-2.161836278341876,-0.9044004041471156
Chmel03,5,0.800429319443114,0.63576382528296,4.542821043504867,3.89931561751822,0.3830559333866592,-0.0170045249563157,-2.123183321274668,-0.6167776347388028,-1.0362944963026175,-2.564239374485536,-0.3927042832646261,-1.9042444012424904,2.321933014524731,-1.6221961465089656,-0.826446487469652,-3.042976683700025,-1.720051936512724,-1.1020916708473854,-0.3670147971493156,-2.781962858330405,-3.5025090130784653,0.7610898774361279,0.4414562051777446,1.868219251658312,0.8851425261061068,1.051504063321332,-3.2925836450550454,-1.7505870134164772,-0.6931197688595438
Chmel04,5,0.3832384435994251,0.4175765811803167,4.046800089729072,6.469672970458189,-0.2744205129963912,-0.3549742068844184,-2.3424333588526043,-0.4104728693060027,-1.446963954792034,-1.302049575084288,-0.3973893856851402,-1.7819521446407531,1.962941277835486,-1.302049575084288,-0.9561389977327136,-3.053929678080745,-1.673827287208777,-1.3171523432700436,-0.7257490378977369,-2.823406019468914,-4.081083002766711,0.6866238693355706,0.5501141500927189,2.0412938808646013,0.8534703528294929,0.990746763264249,-3.223088776959391,-2.0503685161375595,-0.5423307181451889
Chmel05,5,1.0880381231182668,1.1458916389145113,4.578142891675558,4.019651870765571,0.2917817630848018,-0.060119902101273,-1.6165652843948628,0.0296088678648569,-0.9331426537269129,-2.501107317954437,-0.417767135858945,-1.9150582729508605,2.26665991947983,-1.959510035521694,-1.2394554020418245,-3.1046423398246965,-4.17508375152611,-1.1385294834518636,-1.046862294926039,-2.501107317954437,-2.63463871057896,0.6534660625220878,0.6270551825755639,1.7926797700069743,1.0782914179147935,1.1735718007852207,-3.389585205312463,-2.0697359436007248,-0.7464545503095681
Chmel06,5,0.3232537417574068,0.2422988036172739,3.885733128283059,8.046612940606506,-0.4888494951212845,-0.6603147029494281,-2.5968644092451765,-0.6213753572437888,-1.6297152601375302,-1.1645442257300047,-0.9645028569091404,-2.500237573556106,1.7383402318359078,-0.9816461338955768,-0.9845321387847116,-3.0697707981488733,-1.7972703468151856,-1.0005557882528695,-0.8432634156121672,-3.261438217361066,-3.9132001817581568,0.7387539592581516,0.7810861478736353,1.7249215826176336,0.944449790922976,1.087505065058754,-3.66964596067062,-2.0881819002789257,-0.2999748326552383
Chmel07,5,0.9731834927664388,1.166131083463661,3.7583060068419902,6.452795349045864,-0.0304373266880642,-0.7373398823164949,-1.141420907158721,-0.3762425983898927,-1.520272366748796,-1.82219679591612,-0.9358583863253164,-2.515343976476065,1.4775788723324164,-1.602337319803099,-1.2012678231679734,-2.600866149914228,-1.4112820830403914,-1.3379508099548412,-0.7373398823164949,-2.714194835221231,-2.93733838653544,0.6691544035905475,0.6461851959141329,2.2568734434222613,0.9813160507111442,1.0956486605343358,-3.5706451314912577,-2.2308707860062595,-0.6635784950229229
CeK02,5,1.0171156600812168,0.348671794223705,4.702010662006229,4.48457780353101,-0.0758085799979468,-0.6413318350640624,-1.391366390026059,-0.038553147529619,-1.602388580807924,-0.7808058004753882,-0.6970004402719843,-2.3770856283319777,0.7946848867120355,-1.2192594266418224,-0.2366350712119072,-2.271725112674151,-0.787450343194056,-0.5744918169382123,-0.9002458373394004,-2.7924030328831524,-3.5573759480143536,0.7342854759400326,0.6342806863049333,1.6619709310536823,1.0853142160563665,1.0582951533242293,-3.6120143348348233,-1.9213509824781372,-0.6415998692651224
CeK04,5,1.716794105044988,1.262306438352014,4.834867384640155,4.191764548173859,1.1703498022555283,-0.0711454413934964,-1.7516792755113268,-0.1369920071910835,-1.1895603573577862,-2.328994640546151,-0.2018796293969584,-1.787397358113406,1.350465591651294,-1.6436906374472322,-0.5582885805159288,-3.0221418211060964,-4.002971074117822,0.0689006322522196,-1.2838710368290274,-2.556052091181497,-2.6592363274167283,0.7818604647944243,0.6623082999725067,2.156040201507068,0.9191408969848672,0.9646974285872344,-3.851543727480797,-1.6543191501445782,-0.8467616184068882
KRIP01,5,0.8994839489373287,1.551479699955097,3.801426625145725,6.088498035140221,-0.2468913636052709,-1.137397978323711,-1.7889961559707848,-0.2875060827594611,-1.5519955699951486,-1.6183706389400203,-0.462599936431963,-2.0092369476270333,1.4455698846405038,-3.4707547299845105,-3.5352932511220816,-3.2476111786703017,-3.758436802436292,3.25735042075883,-0.4844416783470118,-4.6339055397901925,-3.152300998865976,0.5501320079251628,0.6931326963251294,2.21461181341356,0.9463742787966188,0.8891762256741358,-3.7534324594863233,-2.093442267889392,-0.2446548054280288
KRIP02,5,0.4795866440772718,0.550544598200962,3.746218875877917,4.662935351035307,-0.2904307964467545,-0.3657461336731931,-2.036205152432986,-0.3828041165777698,-1.3318846712749153,-2.913923609520902,-0.7754485362568726,-2.320148902774159,2.71583404960713,-1.9976328776467456,-1.449667706931299,-4.222256429171081,-2.405804347352653,3.164709959807705,-0.0830978511591871,-2.763641406471564,-3.5544270565954257,0.709976504041705,0.595955983170894,1.885192355849375,0.921553622368785,0.7891837510029185,-3.237654928853809,-1.8993697869202784,-0.513075425800388
KRIP03,5,1.1094730968978157,0.3871461272290935,3.994103398078217,5.3767635202167785,-0.3402275290003871,-2.2162167322561954,-2.2982816853104984,-0.9835681279535926,-1.676715308513538,-2.0646668341289933,-0.8163781460285469,-2.1922634912337022,1.7133484747837482,-1.5538412103630028,-0.7318611579600898,-3.195027821111684,-1.734913547756526,2.9973346683631883,-0.8133930691850937,-2.747451227653392,-2.9401355714828936,0.7120834630294834,0.3244887375590304,1.6533746066882475,0.841142192389019,0.7506381939731726,-2.6204817324517045,-1.9581062105585127,-0.401058685326336
KRIR02,5,0.4882870349878843,0.1866311956890785,3.6692521828276328,3.996022272628784,-0.1858509461865134,-0.8941764683455249,-1.7900880378830282,-0.1846928684658859,-1.837294442452824,-1.969531894849367,-0.7935329425658377,-2.583167012481579,1.845448396320254,-0.7447427783964056,-0.8493155823159819,-2.4029708549999382,-1.012695068580863,2.769083473150667,-0.8031535405528194,-3.19676156133957,-3.8782127021363246,0.6004639001342444,0.7262188420184814,1.8037479079723016,1.0020372644307949,0.9492689746769176,-3.2539299924572656,-2.2793703524591344,-0.4400194006555775
KRIR03,5,0.9251241715477015,0.6980726038362857,3.439641083709976,3.496675427736221,0.3962345821543733,-1.222924563141592,-1.6296758450605004,-0.7471535356599395,-1.6771155701320613,-2.7676632989634404,-0.6912383508230304,-2.611792928256656,2.086529534554568,-0.6469179511423686,-0.4295715175124845,-2.175868612663783,-0.7503535383906108,1.582536904098764,-0.573119688380479,-2.743852650269722,-4.008450076412093,0.5602082396245707,1.0150271953319887,2.745400425373237,0.6601720881102424,0.52031273839374,-3.634843169574009,-2.1795559369671675,-0.1572728091272801
KRIR04,5,1.214019901173061,1.0026079638794982,3.933331243269827,4.306518170773359,0.8361427495837264,-0.7826929253091457,-1.1935372825370465,-0.253580591667137,-1.429710334141589,-2.4609704407802075,-0.2663034095951051,-2.226398193642376,2.02404320536247,-2.2173483581224565,-1.638611528740257,-3.5595827294483167,-4.441971909646791,0.695785391888804,-0.4560790556521894,-3.014855554006645,-3.835836106076475,0.5066591220065924,0.6923684245721566,2.538053513557138,0.8141574319186233,0.6935207196871733,-3.2596442290721472,-2.359482879127877,-0.2780108798976584
KRIR05,5,0.603098591507778,0.6944304410769924,2.6780118235628665,7.471194838397355,-0.915007471357109,-0.9661199175662104,-1.3518887756986526,-0.5931232051417847,-1.910839890960883,-1.2556119452632313,-0.9643132323412632,-2.5629790477934518,1.4128567690801033,-1.141593366862292,-0.9553284459334463,-2.5629790477934518,-1.0569194898131862,-0.5918786499095798,-0.5697375240323659,-2.666357402247288,-3.497288285170285,0.6799153858306486,0.8134467784551709,1.84492906068748,1.105636747346142,1.0912914654824375,-3.6053938293414274,-2.306110845211166,-0.6222403379942962
KRIR06,5,1.07781239302051,0.4886549259846129,4.145174848774683,3.467517304612767,0.3388842148348319,-0.3287778677192827,-2.1196058045092263,-0.4837054879942943,-1.281125636524667,-1.6371106873694616,-0.5270697028777294,-2.054718182303352,1.972314966090924,-1.276306350088718,-0.2053156387305375,-2.864340353859665,-1.426458623949281,-0.3504461671984122,-0.6749898329543518,-2.494807254977564,-3.0165321692015894,0.7199348671891959,0.2180254351188448,2.898704914574708,0.5730809455052741,0.4401513629584013,-3.11742056898053,-1.9238917238156772,-0.2205762965787481
KRIR07,5,1.469801075355177,0.89589851375744,3.975503009159898,3.8328024963317366,0.0346711563891855,-0.6238121320731764,-1.7504374569689611,-0.5561706951552008,-1.311449656822152,-2.367044560406572,-0.3770096064423196,-2.0533870015515303,2.0074538078465194,-1.6844794891771633,-0.7244773242125913,-3.310003539362888,-1.8210550241829135,-0.2654811016394642,-0.2201903424593014,-2.686814947409853,-3.829878998648796,0.6854960046945955,0.3519889296232175,2.8033066463656864,0.7233738029497125,0.6735466466793429,-3.3420853413678238,-1.9821777354211272,-0.5113259862731736
KRIR08,5,0.7957455297665321,0.4373833169684289,3.0497879908052647,7.813308910238384,-0.8067896325185648,-1.1481143879196631,-1.710421967520797,-0.5527895004535628,-1.8376837471317249,-1.5891509618126944,-0.8029752604430938,-2.7017887258353097,1.5138480873250453,-1.537579154681386,-1.3721543982809097,-3.053632742504376,-1.6435277326907665,-0.8726028510881365,0.1041364166720644,-2.972663679970709,-4.038486145815827,0.5057928729969436,1.0546548050295317,1.8950685458079024,0.7786667155762945,0.797714910546989,-3.4422405699542358,-2.320097783875932,0.0197681574535688
PRI01,6,1.2089258010997854,0.3635835872857278,4.619785846581124,5.150158608037138,-0.227710314880956,-2.041448690827786,-1.3513364139629953,0.2390766841015272,-1.6793340235932357,-2.0722203494945406,-1.0403712769861126,-2.562426686057795,1.1985360972506491,-2.0847991317013994,-1.2923222425259402,-3.2555738666177403,-2.257045036506613,1.4208722968718712,0.2839055104275347,-2.870728045712311,-3.815189654553163,0.537483413714793,0.6609371297796023,2.1368312217483307,0.980931845457378,0.8761326939290925,-3.27262990521326,-2.1593114691554547,-0.6209541116387896
PRI02,6,0.8480889452347382,0.1712758380937717,5.32505429242731,7.8037486945995616,-0.3089493452235015,-0.815219152453631,-0.5772133318181805,1.0907519200632096,-1.8992326417005887,-0.9727176760505748,-0.9388682905764228,-2.527347351989679,0.6992026545790866,-1.6095762349450895,-1.4140289159318744,-3.227929511037143,-1.837910750826269,-1.4067561566027944,-1.8231503352431488,-3.258234860532472,-4.341579677069793,0.8838280997952226,0.5035386979872043,2.7727954225351814,0.8266887905241322,0.7856231854070446,-3.781236218142803,-1.8402643507280727,-0.8851337855376542
CZA03,6,0.2657869455413371,0.9052814126089626,3.271543435204727,3.968147875990272,-1.4592209680427803,-1.60554892218883,-2.552611312729738,-1.475052433259461,-2.329467761415528,-3.76705541692297,-1.3739563163880923,-4.146545038627874,1.4203303889177854,1.49536203231024,0.7060860063251342,-0.2192545610689391,1.193578453409255,1.7442488330106047,0.7694977667801144,-2.4210349549410197,-2.5843600110443186,0.5169382865638439,0.9103940124607774,1.23565117826185,1.1053369465891032,1.0742688995558132,-3.349316300408722,-2.4225542686672714,-0.0821516901732688
CZA10,6,0.4161189899792905,-0.0716772639239522,4.574998159253147,7.848997740707082,-0.8223429202583876,-1.3776464979756309,-0.64826614872341,0.7358471864501208,-2.284941666941208,-1.2883786326272677,-1.0591927668570964,-2.970653869013635,0.3961309747583481,-0.779207268957304,-1.0613857501921051,-2.1297254569119115,-0.4931821977131534,-0.9986325759546356,-1.6979845334014634,-1.6011666262101247,-4.441941442966918,0.6879777826534923,0.7390962365825153,1.8468424470202816,1.0650721936324412,1.029503590654699,-3.695048352353473,-1.9866704920644689,-0.6260656170598891
CZA11,6,0.1285167372249969,1.0514520118178208,3.0842946952719554,9.00648147005453,-1.2249878010719026,-1.498939680711782,-2.9939672419681376,-1.3684431917824131,-2.692862149184215,-0.3922790588608436,-1.3578610824518762,-3.1083775931458817,0.8411163437117573,0.0909137624461298,0.1056379548400663,-0.945402938852741,0.6022337015953934,0.4801791393401853,-1.257777623894894,-2.5444421440659437,-3.5138427012540454,0.6111452751464452,0.9255861597886113,1.5203625911448737,1.1342302468456886,1.0963141653190722,-3.948807304848353,-2.2880760980267025,-0.1076586390068636
ZDZ01,6,1.2850770806528535,1.226613261061754,3.122432079170174,4.648890770481791,-0.510722798112206,-1.6073128413995486,-2.1914697382510884,-0.3782040638020696,-1.4454001562368006,-0.9480672125152844,-0.6611691463757117,-2.3065390680358764,2.407157349148067,-0.7757221102177025,-0.644832727056019,-2.3957702017638187,-0.9294331329703917,-1.1111394944204278,-0.2627878931559522,-2.687906624564979,-3.3810538051249246,0.5120395089267116,0.9176664948175036,1.4629826841957043,0.924120211957676,0.8576284603941238,-3.562588136611664,-2.426588315871934,0.4602092743183883
ZDZ02,6,1.6150882723723088,1.2601058535202672,4.622335026787493,4.6116239122057365,0.2953067666937068,-0.253031627880409,-2.308863303921112,-0.2685091509493222,-0.6888152123749958,-2.4216587980664555,-0.253031627880409,-1.9258710516650048,2.999074306003916,-1.7665390130957492,-1.0850878722989954,-3.63061914390343,-4.141444767669422,-0.6809308088508468,-1.210251015253002,-2.062003225989586,-3.535308964099106,0.7987915023915986,0.4203015279532871,2.1673384841223493,1.004732485008434,0.8385268646758215,-3.432641714381039,-1.7819608434128895,-0.8656701115387344
ZDZ03,6,1.322091698484587,1.7265590514588434,2.6484740671282943,4.11040321290238,-0.2520743724300178,-0.6030923200536096,-1.3762822082870914,0.0823328144124255,-1.2079468934678763,-2.1625198119130484,-0.4734144967450762,-1.7489574935722647,2.5571760778611203,-1.6204791687991331,-0.8489272825698899,-2.855666992472994,-1.613412001576041,-0.8721455726718972,-0.0953483628250264,-2.740597662688206,-3.1352518546921555,0.7837847505140458,0.5994010600265933,1.4683867925024152,1.1105497333835057,0.9347957103366362,-3.5261191196639565,-1.9505827589055371,-0.3592385899141361
ZDZ05,6,1.3579569935488598,0.8757179175442866,4.209368891908098,5.665218373833073,-0.1676316924487739,-0.5304699840951752,-2.7123568374476843,-1.766374315766127,-0.9842230640998412,-1.761069263536433,-0.309492610326127,-2.2666178302015805,2.6781525273946847,-1.0392369349776294,-0.0940614992808548,-4.007084005042085,-1.3609092076579623,-0.0424685494947683,-1.218991096266338,-2.7981236592051104,-3.911773825237759,0.6089377998619763,0.9768692716299364,1.8205068058220493,0.783559877812428,0.6106159341708834,-3.7261719150241537,-2.091416194605764,0.3783768173721888
ZDZ06,6,0.8009887892801029,0.6369695328168579,4.114611591960054,7.197374311829587,-0.4118843811817854,-2.2952741732557644,-2.665021198761849,-0.5157099771215279,-1.5991012717792827,-1.246361553139927,-0.8444412909983026,-2.756828748014973,2.050968260927819,-0.7972758225558731,-0.9366313434663844,-2.5260223239551927,-1.043377380648245,0.8496614975443038,-1.3777720541953116,-3.167113142559087,-4.3101771937980295,0.5498103668068488,0.9155744718320382,2.011913171040275,0.7870412018362276,0.6888286794436884,-3.655610054654089,-2.2754319205516347,0.2833635713355242
ZDZ11,6,1.796912441223455,1.4815866450918804,3.8246888766482594,4.089698023614902,-0.2584423985710886,-0.3935001206702591,-2.135596952211272,-1.3535022856348302,-0.5284873295367625,-1.7696626828597424,-0.1160535521125041,-1.6341171908635186,3.4205125250685917,-1.9078130213405595,-0.9878254275850784,-3.1559570439796323,-4.10503759867678,-0.1426383859235667,-0.34966840329401,-3.0345961869753664,-3.498901795106464,0.8672116564854155,0.6148730970262175,1.7469257359321089,1.1087255162962577,0.9905027075556944,-3.665835765006797,-2.064766102243213,-0.5881395536013754
ZDZ12,6,0.5055029212096214,1.033821702423129,4.272577700093339,3.6157334008385913,0.2599216949612266,-0.5028782053445173,-1.4114196909724397,-0.0727319841198808,-1.3534818538662208,-1.1132663186533636,-0.4888330306414703,-2.1366551860838854,1.7043542741301954,-0.8756447481585008,-1.1263726661586642,-2.55304936472424,-1.0501937151982883,-0.7043350025687127,-0.9005940672064492,-3.0385571805059417,-3.9728664178827753,0.7431813871348218,0.8115123357116216,1.925963504481119,1.0149181475432796,0.8557121646908175,-3.581778741240189,-2.24349359930666,-0.4011241291921861
NIG01,6,1.4467478297427778,0.7920627023690399,3.973882610230093,3.922349992805238,0.0713727971715121,-0.2115922854021299,-2.8459547707131803,-1.7203866720565433,-1.2835053677149997,-1.9800948924659183,0.104505732023945,-1.6787139756559748,2.2567066279862096,-1.3584066758881177,-0.4691446164018815,-3.0650083367758656,-1.7528219478096965,-1.518749325963297,-0.1964139438030638,-2.6801625158704363,-3.865786181528176,0.5813885449757712,0.3835339595132625,1.6755300021777402,0.885773900173235,0.7468795187305988,-2.464981468330952,-2.136865826300681,-0.4051483980394921
NIG03,6,1.593475627359365,1.7904066477954776,3.737248715116528,4.547787861521912,-0.1304395325966192,0.2190313061569702,-0.4585311433862769,-0.8954124477278205,-1.019866622201226,-2.418282343853461,-0.0727312149759722,-1.5468869318871974,2.080171394065668,-1.942199668531344,-1.0566805953239422,-3.136122137003777,-3.646947760769768,-1.197380477427077,-1.1830945201796013,-2.10650271982262,-3.0408119571994536,0.7192461103893555,0.6563039904325585,1.3786044216783817,1.1373399268364088,1.0426390988082015,-3.269737936174919,-2.161369472561444,-0.493479485046175
DUN01,6,0.6731320544816475,1.434068210137104,3.588749837638122,5.501262017720515,0.280302125677446,-1.3267086010990443,-0.7524814659825569,0.4384372196109218,-1.6704801402018674,-0.7189212694902549,-0.5465500435494688,-1.797925086769988,1.5700400872843137,-3.660065352759842,-3.724603873897413,-3.4369218014456333,-3.947747425211624,1.782622883937008,-0.1962844847959193,-1.67906388389326,-2.795067915273238,0.5793424073767941,1.2332825452300034,2.413426501009639,0.8124159865559095,0.7041637284166873,-4.000851792541121,-2.404836900439161,-0.0928368085105129
STG1,7,-0.6378259850706307,2.2714850560962816,2.5983027461815715,4.311716504035477,-0.7331361648749555,-1.2619802941436244,-0.2631325356292198,-0.8585374314162282,-1.4334518349135132,-2.290388324138485,-1.539612030741904,-2.784406829588095,4.193081787408717,-3.595337045804424,-3.659875566941995,-3.372193494490213,-3.8830191182562057,2.4401443867203323,0.8932993239277156,-2.871418206577724,-1.0547197890024176,0.743069168411786,0.7880639044902802,1.763299288276832,1.3952847714148209,1.2562588594726576,-3.4930116704891905,-2.129706827593999,-1.5026497588630434
STG3,7,-0.7617420325824753,1.229194479850947,2.74184129583697,4.484881330868234,-0.8956999553904748,-0.6677896262386112,-2.1273561884648284,-0.5597154047091886,-2.3345458118367954,-2.1630742710669075,-1.4913674217448305,-2.6840522662969164,1.6373736620908792,-1.704499337644794,-0.897407897735631,-3.2987278314153663,-1.7718515196742857,1.6787863480895666,1.5255021068210397,-3.2616865597350166,-2.4407060076651863,0.6403311290914404,0.6852264489993312,1.9334495109718055,1.248320501311079,1.192264420854847,-3.161877010329499,-2.053785977706846,-1.5697305950054594
STG4,7,0.1606066877380536,2.202771480026014,3.661003512589228,4.458432942411637,0.1244270311605504,-1.1152638557674646,-3.582152000052786,0.0610574172279614,-1.1336129944356612,-1.184256727254415,-0.4435570064453884,-1.743872515189838,-1.67791454739804,-3.4486206074282637,-3.5131591285658343,-3.2254770561140544,-3.736302679880045,3.09610026330538,1.0622388990885865,-2.1103354654947344,-1.839182694994164,0.7005665928529266,0.745318160552674,1.8740478716849407,1.2521791008049434,1.1779877848998712,-3.240075217880872,-2.058941905524758,-1.5560686099492629
STG5,7,-0.409682737890928,1.061226513916539,2.981917914696181,3.711761731376485,-0.8236949065775514,-1.861935066802617,-1.6065883749937724,-0.7256572752480315,-2.115850276783579,-1.861935066802617,-1.4071989096876694,-2.8570066765298865,3.780337293093866,-1.3189063025419907,-0.6471122464526147,-2.7193852986538385,-1.4033601333805032,1.9118702578099285,0.4740261873484277,-3.206680425009635,-2.637147200416866,0.6771319031634713,0.7222252054515774,1.9448934088369811,1.259505556801339,1.153419559525561,-3.2202388254778045,-2.072355487802912,-1.5405966543704557
STG6,7,-0.1205487423421773,1.690675412875021,3.818410308674735,4.130988257052908,-0.441631127284519,-1.4427085411261933,-3.9095966854115143,-0.3380539380021208,-1.43666622667023,-1.430660202610018,-0.9918259533272362,-2.523302324291624,2.714373679228416,-1.5514417412626589,-0.6324519524193386,-3.552921741472783,-1.5858093847668666,1.3037850703307363,0.6753707932590567,-2.9933059535373605,-1.5514417412626589,0.6616240068652939,0.7064477635947948,1.9774945919990576,1.1961279535848646,1.1202551453233929,-2.931723020527079,-2.163674531794016,-1.6385190824732
STG7,7,-0.4898355438739337,1.8273661309029403,3.0156174487851177,4.579493000140688,-0.5796394387352368,-1.5762525594482248,-1.48370100208298,-0.5641008353074577,-1.6070242181149783,-1.1062489302024892,-1.1728096967208277,-2.351464693062475,0.9984393942121308,-1.7334381429706376,-1.3209058676393806,-2.8109970224409158,-1.8380109468902148,2.172181425422302,0.5755096438112375,-5.072760120914705,-1.861916467743768,0.6830689211115786,0.7278337497195406,1.9253420246364747,1.0875046930506287,1.041850697617085,-2.811896620003086,-2.170935192613712,-1.4129705119772955
STG8,7,0.1679584150054633,0.1128065949303831,3.6664448007513095,3.9151527955126366,-0.1769394617422488,-1.6585440026664644,-1.6707392757602832,-0.3911696869900325,-2.01089928546068,-0.8618561431656788,-0.7805531958798548,-2.515994234517687,1.3010899507150473,-1.2755517504103588,-0.5619539593791227,-2.7214382087324944,-1.2632312660223182,0.9124476692510344,-0.1090491261993973,-2.9358480800779505,-3.075610022453108,0.7947271924738932,0.8391789550447268,2.2608386549493864,1.1589493420480086,1.0605443953668452,-3.650860923689733,-1.946112831451308,-1.510794760193462
STG9,7,0.5362127364028719,1.7711966916730804,3.944688952182563,4.488423283631698,0.2271459474882275,-1.0852735145474035,-3.552161658832725,0.7586374665527886,-1.0437245116345313,-1.2144852460274098,-0.5635978747573471,-2.239975269866557,2.184410638646467,-3.4186302662082024,-3.483168787345773,-3.1954867148939936,-3.706312338659984,0.7165362905341528,0.089176850512211,-2.064084603402893,-1.420534363982319,0.677805892918331,0.7225731933017077,2.0547039293826024,1.1451538493474318,1.0513121499300695,-3.1491618630127345,-2.139894674680475,-1.3790015055881415
STG10,7,-0.3246686650524513,1.781045090132908,3.4979562791358823,4.816084795827356,-0.4177590881184638,0.1289985448735899,-1.3797958417808234,-0.6919820071962404,-1.4177407733449463,-1.828746061828726,-1.0478933008496751,-1.8713056762475213,0.8781924104207937,-1.8713056762475213,-2.04152682610739,-3.620505531056781,-1.7959562390057355,1.658374141598781,-0.4981406065694242,-2.9526761584811254,-1.4288519987700168,0.6844123811046727,0.7294940649561785,1.932269679384548,1.3087078433997232,1.2050709257869023,-3.5052423609217525,-1.9772974827388352,-1.5347911029503218
STG11,7,0.0515375625185932,1.896365999876876,3.3545454255838365,4.280709412454098,-0.2398374711336508,-1.2929873857250032,-0.8695037721141601,-0.4149965789383927,-1.4017205858614687,-1.1466594315789536,-0.6852000541162147,-2.1648263550283247,1.7299472825000557,-3.626344137385802,0.4221746126308812,-3.403200586071593,-3.914026209837584,1.5571934915879169,0.1535750274090066,-2.029485007158563,-1.6894026583132495,0.7105070698108378,0.7553519693388004,1.8935254209530736,1.3423834249777415,1.214721742025236,-3.3761154463173533,-2.1915607278485183,-1.5102480049355762
STG12,7,-0.2438743895818298,1.945293125265472,3.221166827535218,4.144198742939532,-0.2644550972818509,-1.42949805523957,-3.8963861995248914,-0.3268535030435213,-1.3424866782499398,-1.5796164715388894,-0.9557137031539282,-2.116602921343552,1.7286622345888052,-1.5450109423614131,-0.3089068598526845,-3.53971125558616,-1.3592937965663214,2.429507682574503,0.5198693141996014,-2.706802132651055,-2.643623231029524,0.6795207441737232,0.7243535652123301,1.8544861788169893,1.3282008368446423,1.263403793278811,-3.364205059942728,-2.1114420914473597,-1.5285513971574467
SUM1,7,1.1826141813517506,1.4068934511298874,3.969424216314608,5.353118631474357,-0.0318299228414815,-1.366830989573821,-2.10332861100738,-0.5299770883477004,-1.6769859178776612,-1.5601215777383493,-0.2017880316161022,-2.11606763678481,1.3199852573421245,-3.700187741234621,-3.764726262372192,-3.4770441899204103,-0.3115691417793256,1.4174317496355595,0.8706497656729653,-2.560753458046256,-3.2947226331264554,0.7265609099975925,0.7711092862586613,1.6289780696058755,1.1989921457762711,1.136829278772268,-3.2426205092705023,-2.0685006680942477,-1.1449635276993253
SUM2,7,1.1861580793940902,3.092700445658384,3.5514417666037,7.286444058040151,-0.2725488592942771,-0.6999928741212162,-2.2224194095656866,-0.5694963851918482,-1.6162836059953722,-1.1712093597921616,-0.5329387894580506,-3.240988990560261,1.1953072740476784,-3.033349625782016,-3.097888146919587,-2.810206074467807,-3.321031698233797,1.1962176063818235,0.8546368018178887,-4.196500435587698,-2.7148958946634814,0.6412741050501403,0.6858397381958024,1.6073273636371497,1.0996202110312314,1.037441716133244,-3.4165531572091274,-2.142376094209942,-0.4769103503061793
SUM3,7,0.5917383912789242,1.959381635772714,3.4420929836721204,4.22386344200131,-0.2512210675096815,-1.3498333561777909,-2.818192670351986,-1.2193368672484226,-1.668287087296326,-1.7644309478492275,-0.3487559423361173,-3.890829472616836,1.3521377988480363,-1.5729769074920004,-0.8760490040921498,-3.460046556524381,-1.465346243299635,2.2923673395435578,1.6639174228788782,-2.1930989530370555,-3.364736376720056,0.6859099143730547,0.7303330535843626,1.3401260040879264,1.3668032572176487,1.3329131958986855,-3.143390026756238,-2.1855502919692102,-1.2600002346822587
SUM5,7,0.8839486509008667,0.943225260830407,4.3473121488971165,8.115686645896938,-0.2760519098689737,-0.1525134626419699,-1.77931794757437,-0.3571774546813433,-1.4843631157935082,-1.7866439876664426,-0.7305913134171291,-2.4651923688052357,0.9978224438801312,-1.9457086822961305,-1.4789430483241688,-3.0104194192885583,-4.214392223614494,-1.4843631157935082,-0.2316001472981401,-2.807478575291867,-3.1729383487863334,0.7213983996563855,0.766220910215524,1.637262601347064,1.245357023024532,1.1392246045881236,-3.5574021918883023,-1.8667388395316165,-1.07570581773055
SUM6,7,0.9419927496662828,2.780740728330257,3.6512792995762977,7.722206320317658,-0.6122933426927384,-0.8293578479305657,-2.197633703547777,-0.4505063883404903,-1.5408541671587068,-1.5408541671587068,-0.6726131329262595,-3.3703539643696088,-1.392008539561142,-1.330133135843055,-1.5408541671587068,-2.677206783809664,-3.450396672043145,-0.1638621987011301,0.7580203464388031,-4.325865409397045,-2.8442608684728308,0.623308132759425,0.6675685836145657,1.5926003158835031,1.3044412579707352,1.2233112333432934,-3.0852482494487155,-2.2162104024251064,-1.2036324510987997
BAK01,7,-0.1819182913195343,2.227426338246045,1.8050423975661367,4.388476397995782,0.0491934296438518,-1.1852204001833195,-1.349523451474596,-1.0547239112539506,-1.716454895580517,-1.4159685508827486,-0.6247391859714675,-3.726216516622364,1.46073945899471,-3.5185771518441182,-3.5831156729816893,-3.2954336005299094,-3.8062592242959,1.400034223438963,1.5816703009418245,-2.1802920099105894,-1.7478710918138969,0.6734274985895343,0.7178506378008427,1.4144553104110975,1.386777386466999,1.294237559238234,-3.2183927995210926,-2.1197805108529826,-1.3540626374582017
BAK02,7,-0.062924657935615,2.1371337087629056,3.6763808187200793,4.384269597593544,0.0017366454477976,-1.1894272005855573,-2.004913233337746,-1.0589307116561884,-1.6132414473619177,-3.3509336953196973,-0.5146291586938077,-2.032692797444821,1.6473448660876535,-3.522783952246356,-3.587322473383927,-3.299640400932147,-3.8104660246981377,1.2807246661369742,1.0780016354239113,-1.4511855880275464,-2.383349669057991,0.6674348751590009,0.712112930427832,2.348399558055577,1.1883883332213332,1.1057084629806124,-3.455659100349086,-2.162890797240019,-1.4746576314825024
BAK04,7,-0.361783745133982,0.4046249064004694,3.273018890208319,3.397187022697016,-0.9527343438599694,-2.176509775482086,-1.0382883487189298,-0.1123357059330372,-1.5110141262526495,-1.0441306243431576,-1.1866306869504415,-4.717505891921129,3.339920327205558,-0.8772267913518244,-0.1435882494371423,-4.286722975828675,-0.8383239926822252,1.1480901353078998,0.8622239340650939,-2.697487770712093,-3.593575795268729,0.5865870216424702,0.6318380015740583,2.019041040630167,1.294525974649295,1.1995593784250551,-3.221344503831155,-2.151719752036297,-1.503693006756821
BAK05,7,0.6233346197709411,1.4544675433047898,3.856596266635097,4.895692529969307,-0.3153130192044902,-0.2811216544562107,-1.5486997087367191,-0.6353985157109303,-1.3713656934538037,-2.33566564451432,-1.0712611010034658,-1.9356800021707803,1.1072713433206012,-2.227031803511524,-1.7551916264584868,-2.8089533489612446,-3.9616328588996303,1.442544898347883,0.1073938953381796,-2.63987701891731,-2.1560800675392398,0.7128285369149445,0.7575318781431721,1.8706119587715055,1.224348364110411,1.143061533310757,-3.2761555096493304,-2.1467715623144668,-1.3619940589085968
BAK06,7,-0.1638091149245442,1.5606567185695184,3.694478183941155,7.749748478135218,-0.4892315153591733,-1.5035834604095433,-2.419874192283697,-1.2482367686006972,-2.055652042709583,-1.9460898401980569,-1.5988936402138672,-2.5490859237637045,0.7849641729089143,-0.9090853609194368,-1.120591208153436,-2.515184372088023,-1.2671946823453115,1.923340736491122,0.0536037616806801,-3.0260099958540136,-2.971942774583737,0.6902243666907641,0.734828672927518,1.7671609298798336,1.2593188985807309,1.1649682053593042,-3.5759704524579954,-2.2996769865524334,-0.8762885010263024
BAK07,7,0.05775364626792,1.2625664338435811,3.472398946800673,5.733230781136192,-0.5067761564699325,-1.4071838421710838,0.5507746454004039,0.133261198776065,-1.6227801878499104,-1.615289516120754,-1.354074016857135,-2.581303683347338,4.454810319319139,-1.2350146568411473,-0.2516376317506221,-2.5428374025195435,-1.2148119495236278,1.4492863640493994,-2.3699945896801324,-2.9867687914555034,-3.422086862713348,0.5825073082368046,0.6270098026139554,2.011209337187464,1.1737884437886974,1.0479790972580851,-3.1028776752273584,-2.1912489564590145,-1.108335577334008
BAK08,7,-0.0803638437223197,0.980627555601484,3.031816321071122,4.597531371016293,-0.5141773068347391,-0.7923203562397614,-1.3514088570551364,-0.3981707861241732,-1.6602228532103451,-1.9767939355142632,-1.1666302965681297,-1.9630950911561011,0.8342692002463332,-2.0556878779839254,-1.4728887545928462,-2.6360395643985277,-1.7117806628751957,1.6966217407300253,0.5308409653512935,-2.49918038168133,-2.690847800893523,0.7021064392222467,0.7471810607356715,1.9313643407171055,1.3349015464908154,1.228511013084478,-3.6830403227878783,-2.053799783057599,-1.3508964275522883
HAR1,7,-0.4800512172280813,0.9630046535788992,2.827481688539439,5.02618856227158,-0.4584377408075442,-1.7626671488731305,-1.6375040059191246,-0.6361646062231889,-1.8187566155241732,-0.5478443285231291,-1.456966570918672,-2.3577531162568617,0.7825075529289887,-0.7201443268560643,-1.1715191362683068,-2.1590824214613766,-0.9524105601662765,-0.6225058572921487,0.4965675032473013,-2.861279437541241,-2.123680494410462,0.550717977796046,0.595063170323618,2.1276478904364127,1.1555159885247015,1.0891015456256945,-2.7524989955059054,-2.272132579224624,-1.4351975058729662
HAR2,7,-0.4363639187657613,2.087624081064709,3.0017555230042947,5.368640082957821,-0.4873303623577891,-1.510435098517754,-1.474717015915675,-0.7670557924714752,-1.2982605785741184,-1.106992235790357,-1.259794297746322,-1.6891268872611302,0.6335449642996531,-1.6396468299977602,-1.098927675953627,-2.185563773575021,-1.5665245651687971,0.0707280354481803,0.8452598197902406,-2.3397144534022782,-1.4924165930150757,0.573744098191431,0.6179395709825526,2.26548904110214,1.2994275679481122,1.174327814427109,-3.260808645560721,-2.291408088372618,-1.4149819550623906
HAR4,7,-0.5954251339009566,1.712943665209938,2.8323305852744003,4.018109048074978,-0.4589977068167821,-0.5816000289091141,-1.89084859953904,-0.7561713759501343,-1.8657426784079627,-0.4794483172880728,-1.2498871721496645,-2.601090213458286,0.7445701572323111,-0.6024100284229075,-1.0484051176166345,-2.2307164251613907,-1.0231785546709586,-1.0231785546709586,0.2541902246266092,-3.078014285548595,-1.611677216755167,0.5295787183767602,0.5744041497568246,2.364884262144018,1.0876378307284873,0.9694037258253276,-2.591125694406084,-2.309958302975496,-1.4838926626940667
HAR5,7,-0.3333386024136855,1.2962560392694646,2.9035029468317117,3.934485401956098,-0.5713707662216461,-1.6392113962230024,-1.6452904422993848,-0.4779563215822211,-2.026657998828488,-0.3448994248147619,-1.2038933249651569,-2.7021056022890333,0.9942023325655152,-0.8425235367222168,-0.9074264229576432,-2.2453471997933176,-0.9221109746405638,0.8833607564514727,0.0302092208128081,-3.248649308657103,-2.414423529837252,0.621993405259055,0.667024710007802,2.1460714687419986,1.233075632764696,1.1653742202186166,-3.352549957150425,-2.1914173115009814,-1.3397997899692613
HAR6,7,-0.4223167736108486,0.3956008400214017,2.539597640781214,4.312614051726388,-0.6579776613117518,-2.0305418296197404,-1.4700606154078883,-0.5768720660270787,-1.828219606119116,-1.1130397105592875,-1.2175934492471736,-2.2238324177842683,0.702250256078961,-0.0497493690097439,-0.5407067895590094,-1.8086111347307396,-0.2653960089097751,0.1853624102680351,0.4447225226760256,-2.614698726471281,-2.3915551751570705,0.5957168717354868,0.6405051835578708,2.151209419273805,1.2211376595915449,1.142158705342547,-3.382997508191332,-2.217693845024549,-1.1896117071622778
HAR7,7,-0.5146049799148367,1.6870711151061748,2.7285996362972265,4.394726427195272,-0.5736772699370691,-1.6682409700791787,-1.3715090621074797,-0.5184364022263921,-1.7307613270605122,-1.6865901087473754,-1.1287395463365213,-2.110747349867691,0.6209211025827264,-1.3231479904140588,-1.4128942782703344,-2.3082783253251757,-1.61513114476523,1.0069520658652564,0.3866594626845394,-2.483727002831368,-1.7974527015591848,0.5488065579850496,0.5937313698932374,2.1477909900328758,1.2224170976367166,1.0684205366353778,-3.0335039211094923,-2.217754418457214,-1.3053172558990491
HAR8,7,0.1931135039638807,0.544074709572123,3.273065934580688,4.140932140429605,-0.8216850491060601,-1.6265362192460069,-0.94865651081685,-0.4729002290816648,-1.2944023842233916,-1.0626007701660676,-1.015453991740365,-2.51297398797048,2.2084093746388738,-1.6698866601196205,-1.4094717140081796,-2.725148507914116,-1.755747950726013,0.3450163604226439,-0.1408079611379289,-2.9258192033762667,-2.189186910876584,0.6483109017350022,0.6927120480529463,1.9726245852232744,1.1484862990213178,1.110718818154154,-3.304097639342719,-2.109257318580055,-1.1446133899893465
