Sample ID,Region,Ti,Mn,Fe,Cu,Zn,As,Rb,Sr
ELS01,1,0.5834255982791277,0.7463514715279,2.406398061089393,0.8949220998499623,0.97218524877115,-3.8397087043921703,-2.047949235164115,-0.4173091150794117
ELS04,1,0.687032228106065,1.2056565443578744,2.4129366623934327,0.7338022051452779,0.9016634306745974,-3.499070112315993,-2.231223901609296,-0.8271249158558991
ELS07,1,0.612147626522114,0.823943430308979,2.5831104973124606,0.7633188084925444,0.8523355518624678,-3.5055651700814563,-2.130966848724756,-0.6036325897842154
ELS09,1,0.6051993297996976,1.4349313404710557,1.9425888412749457,0.8706840356738335,1.0241165826156506,-3.729473608490714,-2.1470643684445325,-0.7090487223463513
ELS10,1,0.7647365816958582,0.5476174158185967,2.6551784735167145,0.8340660968486717,0.9657023929931157,-3.6362272539977747,-1.8743207479194002,-0.9301397620634129
ELS12,1,0.6569239151660358,1.12347843710458,2.551792413382042,0.5991500030608261,0.8035749348232715,-3.6668601268270895,-2.133962291515323,-0.4240622043674702
ELS13,1,0.6742088730543276,0.8872572248058006,2.4544571766043903,0.7064805811418999,0.8916649454405094,-3.643962767507912,-2.03966625457423,-0.4489593788461925
ELS14,1,0.6680289361405825,0.7723298891472483,1.99324156140189,0.9500216323506678,1.1180408127940664,-3.705461367511013,-2.0801501059206218,-0.5910575642395228
ELS15,1,0.7777178538154734,0.7816512534062787,2.566143694199646,0.6201017262632842,0.7201265930728975,-3.6824265601223596,-1.8756292135297645,-0.3992963453871461
ELS16,1,0.8980564793558639,0.6039692609068226,2.859914486626861,0.5274900313916748,0.6206960547121363,-3.527189274437995,-1.8254760858947234,-0.4962507451493843
ELS19,1,0.6915491005146146,0.7201276415717506,2.3510171245355935,0.7551697693619568,0.8808796757936341,-3.5297951524687936,-2.0425248740089006,-0.4629056845984745
ELS20,1,0.6761608938966588,0.7825092935294129,1.5032390965209697,1.1410643299375542,1.2926028145591542,-3.6384244599816906,-2.3312674194205236,-0.4230329591961004
ELS22,1,0.6549257259952159,1.2886396317802467,1.6212245230338316,0.8168409001163219,1.0377643296453805,-3.4843535739338884,-2.160579569795331,-0.5100616316177669
ELS23,1,0.5756519252845327,0.7920449139890122,1.3641092856488028,0.9930738077177315,1.219274727251461,-3.82801388449283,-2.3810949015565046,0.4039163406818336
ELS26,1,0.6513549036128023,1.3237458388105154,2.182897896089302,0.844301815785693,0.9265309994201001,-3.432364303230363,-2.204293947325366,-0.9373463438380418
ELS27,1,0.7209233430965569,0.4834778502856105,2.480086170222786,0.842990508345435,0.9754097916975462,-3.4488378584102977,-1.8750271236193488,-0.8480017416152372
ELS28,1,0.7516321893271258,0.7812326591034169,1.2301828791513199,1.288121974333601,1.4171163782893077,-2.90764679501052,-2.123527836244848,-1.533328624937345
ELS30,1,0.9392795208991496,0.5307697826047595,2.4070432638165924,0.6715569261869723,0.8974570260453105,-3.5525619797819386,-1.7419340262495013,-0.7159929278787502
ELS31,1,0.5889301313494522,0.6853219770245182,1.2643617908053408,1.0707682182421907,1.2323492080119893,-3.5054144308726487,-2.273270749580016,0.028272133835586022
ELS32,1,0.5990951260728958,0.6753613413918265,1.3281885501264805,1.1529037470928092,1.2661951775830707,-3.920880213851963,-2.4168028170756894,0.3172439739319084
ELS33,1,0.7248740616153873,0.7203695494942828,1.2857731349370598,1.2327740616000018,1.3726241912850636,-3.7637623081167524,-2.1951463902029076,-0.4016523151626439
ELS34,1,0.6016648987728677,0.7872571044349446,1.7612389880376107,0.9847688267228745,1.277775892180245,-3.702400194431302,-2.573934942613511,-0.024949436140988546
ELS35,1,0.565012905536602,0.8524146696473742,1.2369158372034792,1.0494853459022542,1.2184235448595675,-3.16040029190979,-2.3998118305543126,-0.2584677116125498
ELS37,1,0.648245767137746,0.6761643568220932,1.6857325072645246,1.1221812930887378,1.2963218208662346,-3.6284203518783094,-2.409180075421585,-0.34837706613212127
ELS38,1,0.801876092522753,0.8704446612470029,2.7499166885551816,0.5552705098599677,0.6098156362669318,-2.949097491386978,-1.8930448171376644,-1.0853404101702187
KON1,1,0.37139558373863624,0.7099519542793784,1.6440106984964962,0.9024005479080968,0.845585927101042,-3.6158988840503086,-2.522826775757814,0.7833134804988044
KON2,1,0.5296187134305521,0.7348735889638704,1.400134921588325,1.1599168256589585,1.0455164069207608,-3.7676974738578832,-2.3882135817405197,0.20804358046591176
KON3,1,0.3611968799593064,0.6635457824251008,1.810506161406512,1.046550165524482,0.9293393867929596,-4.00033821092463,-2.536908120922512,0.7278007031704035
KON4,1,0.3609246695735595,0.6456470950223023,1.7194816517200582,0.9772322073790936,0.8312943127651851,-3.5447288875691063,-2.566880262695518,0.7133948326568325
TAU02,1,0.47691741585234615,0.7635183400549348,1.474408963401288,1.1589852361828001,1.0907980583073127,-3.6355165110398673,-2.4071679007157867,0.006502733525366455
KRS01,1,0.5253557385040328,1.2571265841654753,1.5808935710291254,1.1131628493317907,1.0311759097846231,-3.5177568696157695,-2.353732315761491,-0.653958863172118
KRS02,1,0.6132682396392677,0.6670390911435455,2.0194455624431717,1.1871401071486458,1.0234604371604221,-3.7433848441366275,-2.1005962563690415,-0.696174510656594
KRS03,1,0.6432780590713243,1.0002755316372678,1.6695086670597439,1.0604511146106226,0.9779565732385103,-3.6566991388131784,-2.2397474766228616,-0.43015468001767454
KRS04,1,0.692778577843312,0.7014562774998971,1.660624033730444,1.1760517046933328,1.0555505748451381,-3.7650411163632533,-2.2172967729344926,-0.34998016565081613
WROT_01,2,1.0937407155216134,0.23471401083703247,2.886925024696257,0.6606151922085037,0.5187989571079639,-3.522901871628715,-1.3450953801495968,-1.0268397276689294
WROT_02,2,0.5384288192070072,0.4817773762270936,2.460171327319292,0.9104546812317151,0.8641704534831329,-2.8428532527542067,-2.185552203967397,-1.0487491165668974
WROT_03,2,0.774003194256287,0.64120413414344,2.3286328701953924,0.8938733191818002,0.901426225177731,-3.549915809610314,-2.0280759564941993,-0.7733029370708069
WROT_04,2,0.7191599340715538,0.5687699046226142,2.3070916412846905,0.9730321601070142,0.9423034853857635,-3.5364527757466693,-1.8841948661296408,-0.9384034698587875
WROT_05,2,0.5581384188507359,0.989705923127675,2.0319213447427,0.947206210828833,0.8279485404167639,-4.028952653737449,-2.150760678737087,-0.03534966131688089
WROT_06,2,0.5812679023267755,1.0545304245171176,2.1232752508728727,0.813890197595529,0.7848668575680149,-3.9162402710152104,-2.0417890859420416,-0.16633059783733994
WROT_08,2,0.7435415915120118,0.9784855673284585,2.613192982163749,0.612927208532982,0.5477633142831282,-3.6818039178807127,-1.8900444486526573,-0.4805830282512322
WROT_09,2,0.6929607573625631,1.086364792934157,2.4902050953621524,0.698875746881765,0.730797209482942,-4.071440349848017,-1.9704926029472176,-0.3379201151114599
WROT_10,2,0.5233353642627754,1.050005755957205,2.0867198361501536,0.8576663419144706,0.8320070394303376,-3.563775893365805,-2.184261219231294,-0.3557697407345084
WROT_11,2,0.9203484263549662,0.38250944865251446,2.5566517325416327,0.7238933535148657,0.683978285709081,-3.2916393993519293,-1.6307195310826863,-0.9501965037511368
WROT_12,2,0.9683491853957227,0.28034214588015827,2.7337520817318803,0.7191009820877863,0.6500181461367371,-3.606607221995872,-1.441643506877874,-0.9081264719098128
WGI01,2,0.7143699428177381,0.8975300740843135,2.3191662270602507,0.7704838142960577,0.7356190822998645,-3.674390724037487,-1.9920038119572196,-0.44369316020411986
WGI03,2,0.49800907415868023,1.2933592722292127,1.856172813124846,0.8655441703781084,0.8750114094344412,-3.897850020824877,-2.1905078934094053,-0.3024966247217642
WGI04,2,0.6706822599344955,0.708645901897726,1.9006460124691678,1.0623168220647246,1.0399906328281334,-3.629370791779713,-2.05767320732846,-0.6485641684423977
WGI05,2,0.4342816621695773,1.0724395973563707,1.8720328557058152,0.8196076377719033,0.8975453391608754,-3.623361533202096,-2.190854328927073,-0.09779623725607234
WKIR01,2,1.0725501918420166,0.17230063514104987,2.913548905652856,0.605115842776387,0.43584656311100023,-3.198618387214845,-1.3493350738486027,-1.0757267286084842
WKIR02,2,0.7492345548284476,0.7347524040907549,1.9081311622455221,1.1287502701834629,1.055216186137314,-3.815609545402341,-1.9256580499950728,-0.8562449160192251
WKIR03,2,0.809294323368372,0.5769037486255528,1.9480004532398307,1.0064579336287773,0.9463109600552104,-3.55719557215638,-1.6751892250805476,-0.959456391871853
WKIR05,2,0.6472383928390131,0.45216417737418313,2.0553358636000336,0.897222738902105,0.824600099364575,-2.6319021274882064,-2.044115462586087,-0.9992073528898384
WKIR06,2,0.7707576884845939,0.5910035271958849,1.9933226493884733,1.0317367741415076,0.9722459977282032,-3.518845221562181,-1.769645366752922,-1.0031669131074268
WKIR07,2,0.7160302183367349,0.5123788947364458,2.448288960457176,1.0291569170297317,0.8844569868118732,-3.5671505817005142,-1.9230271112785235,-0.9407784116125715
WKIR08,2,0.8400907266355975,0.5217627421377884,2.5520077438660547,0.9289169101484753,0.7927080222340455,-3.792962938702612,-1.6428058722243781,-0.9577232515011636
WLT02,2,0.6388398172141301,0.7046602985016288,2.7091654384704724,0.8060985413471169,0.7268325951531271,-3.5474000097122267,-1.5802876530063101,-1.118182265784815
WMA01,2,0.5373193884836911,1.032202869940249,2.5554672986214992,0.7002604937279835,0.6738214123953599,-3.590198947420408,-2.0196008683025717,-0.49160928842670915
WMA02,2,0.6205120235093453,0.8113085559480941,2.0515275597207605,0.9567009138086231,0.9651665728331715,-3.6930176484405366,-1.991642240680751,-0.6121275665462393
WMA03,2,0.6707455258097323,0.6587594348021213,1.8831461507516036,0.8973342449971375,0.8555291273434618,-3.4376662936238036,-1.9966470328146668,-0.340958102729811
WMA04,2,0.6076894374903117,0.9220397570242542,2.5223351262919333,0.8049760349682229,0.7374129135186136,-3.6689766815257436,-1.8727228227098487,-0.7034250251217435
WMA05,2,0.42245971925396386,1.2326333440428956,2.0755023740329577,0.6161107579317333,0.5658564646574118,-3.5132206254339007,-2.2912293156052863,0.20404012121826076
WMA06,2,0.5948989659731767,1.1348185039328753,2.2438814616403513,0.7789920024155133,0.7994306700927876,-3.6000891220286113,-2.1225033406993137,-0.533405112502336
WMA08,2,0.7560712113288233,0.7690256926006285,2.1720720519383856,0.8249916426694139,0.7665198742140804,-3.7332897961161846,-1.8739721758768386,-0.4291245060053739
WMA10,2,0.5753492743349522,1.105480301553283,1.5142555748819018,1.0156919834492328,1.070388981742013,-3.6103695615702347,-2.406396757244299,-0.22912296632742812
WMA11,2,0.538065244827048,0.9764173757055135,2.182359913367255,0.8729372841594842,0.7626713507100487,-3.6572014264539483,-2.2567224303421005,-0.17464352449617948
WMA12,2,0.5851713764410307,0.7414434342389771,2.3374583263409363,0.7985445726701066,0.7588174021750298,-3.6791168644371472,-1.9717747370216756,-0.2684407388204484
BAU01,2,0.9187537601302713,0.71370395225876,1.851162810778904,1.1653031804782406,1.0056210760377529,-3.83224687406936,-1.879219257245183,-0.9530484167713205
BAU02,2,0.7421423621484671,0.6965775343038825,2.2515895545956224,1.1289984524005754,1.0071763531447773,-3.9896604747729905,-1.9383898100598511,-0.9267888983813712
BAU03,2,0.864642480801364,0.5476351496976362,3.4062304468235562,0.862561933164252,0.6502197001502354,-3.9615950285565242,-1.886793866433191,-1.1571129425407891
BAU04,2,1.0285378605915985,0.4670325463649512,3.076303775181033,0.7957837143142936,0.6536842262507045,-4.123244679293851,-1.4810865720003439,-1.0870382978120854
BAU05,2,0.7984268211421695,0.7407673194035573,1.7998296226072121,1.1186311888401215,0.9829124771352609,-3.4460424704906365,-1.8813404518979273,-1.0538452188069036
BAU07,2,0.9239498215454209,0.4770253899206027,2.0928183872938755,0.9651794935589764,0.823727894792631,-3.311802232213682,-1.7253538380042812,-1.0605104336071873
BAU08,2,0.9373394581015546,0.6275212868307007,2.3985594332455036,0.9733942977366197,0.8497461426278381,-3.6574436350000497,-1.7754372879242162,-1.1781080302615043
BAU09,2,0.9073904934764032,0.5407850804466388,2.425846696675773,0.9932715829918766,0.8483287789851413,-3.9660704167168284,-1.7195747903738265,-0.8709042461746508
BAU10,2,0.8214049335046387,0.48163296886650464,2.658660668106508,0.9551650700970367,0.872423666045409,-3.7955474211817126,-1.7347980125140294,-1.09991974007806
BAU11,2,1.0755788101806005,0.39905251085669535,3.0128725348222756,0.801154215702431,0.6942611326948267,-3.9225649960216264,-1.5794338086332305,-1.1223443351197586
BAU12,2,0.8298296969942371,0.624190047208899,2.3777700333813954,1.0369009533001332,0.9583402451987859,-3.96637398638983,-1.797320286020307,-0.9985269163253747
BAU13,2,0.8236281183224019,0.5854089046027449,1.8269579353088246,1.0452742897711078,0.932598072213402,-3.5608953965500674,-1.741736953133898,-0.8352235940980375
BAU14,2,0.822255887697378,0.5982598214125243,1.9422263017137107,1.0055001829604668,0.9402756041434865,-3.680540770132164,-1.7182814830753204,-0.8495924327067996
BAU15,2,0.7975127502787251,0.6782461668915616,1.824179860311849,1.0969846315406033,1.0368433668685897,-3.454784777720373,-2.01970025243105,-0.945185515342001
BAU16,2,0.9106472838880388,0.4990005505486037,2.555300563666745,0.9501626289777101,0.8265992304058272,-3.960892512376219,-1.5829579821403863,-0.9849193888026901
GER01,3,0.6098919102654494,0.7437062283410034,1.939576992671389,1.1311888338987355,1.063419292179718,-2.9753262639436207,-2.232417573824611,-1.2761595815433902
GER02,3,0.6967441629737774,0.7130303122760311,2.2469402365130984,1.1477658026843087,1.0477888801099549,-3.5506923177273397,-2.136998982419335,-1.173205916560176
GER03,3,0.6347160739675681,0.8231418347035131,1.9037137381853235,1.2173698983017984,1.1855763338006122,-3.2502782590726587,-2.315969021695825,-1.3174401915846983
GER05,3,0.8003631093027321,0.7923539131709547,1.251674605536315,1.2795833936533916,1.266084076756467,-3.3376565164220304,-2.20395290794265,-1.042239912906597
GER06,3,0.7292877572214929,0.7033122708182322,2.214815302903246,0.9283116840941221,0.9283116840941221,-3.4003636188327526,-2.1039255868347233,-0.8721380943259098
GER07,3,0.8040261538264639,0.8022632622284345,2.2169337186818665,0.9814922607811916,1.0584669585486393,-3.4582134854793676,-2.17035919717273,-1.2168391235302183
GER08,3,0.6069767805810788,0.6186598063737727,2.080562278099334,1.0638843978344101,1.0148638740371418,-3.010115723670458,-2.3487172414250934,-0.9732337964094184
GER09,3,0.669639672986269,0.6133238205827807,2.2968310316716134,1.051980368464077,0.9773350796567315,-3.352646098127045,-2.225862932492239,-0.9730999639968712
GER10,3,0.7857359537199549,0.6367752619164362,1.585943043919273,1.0885636998153227,0.9955572327564124,-3.1967455153567523,-1.9227803392107812,-0.9533797820226781
GER11,3,0.7731316358496452,0.5772181255362239,2.4317564591356287,0.9421709281706545,0.9143418044011686,-3.3991744678421667,-1.9602363732368544,-1.1074590470850256
GER12,3,0.8034130413977221,0.4692584761814391,2.5351480704407563,0.8340032283282008,0.7675996902403188,-3.5608089686426525,-1.7888521267107769,-0.7772512150322974
TAT02,3,0.6586350266716781,0.9386595608350152,2.2964235913538578,1.0364442826843838,0.9245847331313786,-3.6884118891061775,-2.29322858056904,-0.7725735247729517
TAT03,3,0.5951017805588865,0.889017933840984,2.1786240474131535,1.1043343225132138,1.0018925209035987,-3.443411759693526,-2.2622784473374127,-1.0425882271160667
TAT05,3,0.6597856355456813,0.8737023776151243,1.8037333641311264,1.265609844684784,1.2130166466221775,-3.5346784596187883,-2.219001665712851,-1.2320933666247424
BOL01,5,0.7179169793702975,0.5787610150706048,2.51396782435287,1.0028425032779498,0.8347232532232458,-4.081997283410305,-1.58923865833962,-0.8545099952071862
BOL02,5,0.7944575422836393,0.5206508163254755,2.033764255205659,0.8998554823908629,0.7993110145700681,-3.4072455382589606,-1.8811892347639114,-0.5667061541106717
BOL04,5,0.7613549269372424,0.3175762938374551,3.5181518986597626,0.6366108687447065,0.45990990671716503,-3.4179652112784193,-1.841198081133868,-0.8543904244800489
BOL05,5,0.7477755178487016,0.4377934055826205,2.228169509554615,0.9582151407514279,0.8235388274857427,-3.725766225660953,-1.7197918358629902,-0.5394135924983128
BOL06,5,0.9237496349162333,0.4613234878824093,3.023433732112927,0.8145288317923267,0.6705158202495234,-4.080196671029226,-1.7248610126496513,-0.7057426143425816
BOL07,5,0.6998028513412184,0.5193029162938951,2.553478630416566,0.7477244089014001,0.6465145069698868,-3.427331533703873,-1.9280967614033866,-0.41328964795454537
BOL08,5,0.6256674384500367,0.487878455572873,2.0194845478528176,0.9760493887740573,0.8624719000139502,-2.9213510977865464,-1.967081117847175,-0.8788747503401826
BOL09,5,0.938050055770133,0.3902487512484738,3.10953315092049,0.6663285418787996,0.5206292117418201,-3.6486166586533986,-1.6464933647575326,-0.8510450059231078
BOL10,5,0.7446505192666679,0.4599669498111436,2.5394708647952253,0.8750331910999871,0.7969380639682706,-3.88483697437213,-1.7402561305213324,-0.5389896877931393
BOL11,5,0.7883488716823122,0.537943947784246,2.6063590115905484,0.8695341568081507,0.7405136654081481,-3.692532788762435,-1.7029475762044601,-0.8910681430207985
BOL12,5,0.7298356042193834,0.6519752824471108,1.9702161803219858,1.0695129717895444,0.9559709303904156,-3.845812142502386,-1.8616807806268754,-0.6018003443626432
BRO01,5,0.69110961722975,0.7034646051275115,1.4172711667097355,1.1000495364788168,0.9628775639604221,-3.547981942556428,-1.9952968467147767,-0.35001280250754085
BRO02,5,0.6757295958096141,0.7192704040929021,1.3420811686940084,1.1421272549129358,1.0058240205287516,-3.511833095244588,-2.1606300539359675,-0.22626589587771484
BRO03,5,0.5890107266922691,0.7131413450320858,1.2339377560331246,1.1504627558581064,1.0229174136988872,-3.1663584686905,-2.260118072669847,-0.3272800051818865
BRO04,5,0.5798971173881489,0.6523682532514252,1.364091819384306,0.9637261613884904,0.8112695358372812,-2.947957803521066,-2.1656828430651136,-0.13285360625469655
BRO05,5,0.6950786359131511,0.6691512576570142,1.768138710463833,0.7670165874759869,0.6972700173598554,-3.7530721761432044,-1.9458085203791837,0.3740622089018877
KAS01,5,0.7769428556536964,0.6594152804661948,1.4561973507164965,1.1475721044194727,1.0447558703964082,-3.336489208942653,-1.9501948478227624,-0.8386457681239334
KAS02,5,0.7630031245730482,0.7256056041877548,1.3682327637794611,1.1825273030940333,1.057088355132418,-3.1793655683831465,-2.3129466665491645,-0.6612332709668256
KAS03,5,0.8065348738296216,0.7733056643832783,1.4759444416247949,1.2061844751961748,1.1606234501710553,-3.4456572301010633,-2.1463742459708026,-0.9484804877212487
KAS04,5,0.7036055239110763,0.6322881829287432,1.6742250912163623,1.0489836285664613,0.9825256126826978,-3.610065791098534,-1.8546739660413536,-0.47768199758377605
KAS05,5,0.7790654093209568,0.7089637226405157,1.5275409856942466,1.0969633592319656,1.0417551063454231,-3.587565539874951,-2.0313721419596633,-0.5342634144994824
KAS06,5,0.6095801235096214,0.8881921061002589,1.6902080183224786,0.9158500917294936,0.9033412420377847,-3.5894997589763866,-2.460115811641524,0.19113241832634742
KAS07,5,0.7577691369514472,0.5856344254644861,1.8427636523411626,0.8877390185814911,0.7554912316384534,-3.3129655596315195,-2.0507238471816076,-0.26106301461047376
KAS08,5,0.806618676230265,0.8132448738594547,1.5238502174103539,1.2658302076940569,1.1509742804427405,-3.472821369668515,-2.037736844379193,-1.1823088579087386
Chmel01,5,0.6160725291047395,0.49057234536560834,2.259142369674753,0.9341432505284466,1.0073971301035582,-3.306111444354815,-2.1795253036442994,-0.5645853140562158
Chmel02,5,0.6718591095896662,0.5280165637084262,2.0293076672360173,1.0421755238941754,1.1727074141865,-3.2522852563708247,-2.161836278341876,-0.9044004041471156
Chmel03,5,0.7610898774361279,0.44145620517774464,1.868219251658312,0.8851425261061068,1.051504063321332,-3.2925836450550454,-1.7505870134164772,-0.6931197688595438
Chmel04,5,0.6866238693355706,0.5501141500927189,2.0412938808646013,0.8534703528294929,0.990746763264249,-3.223088776959391,-2.0503685161375595,-0.5423307181451889
Chmel05,5,0.6534660625220878,0.6270551825755639,1.7926797700069743,1.0782914179147935,1.1735718007852207,-3.389585205312463,-2.0697359436007248,-0.7464545503095681
Chmel06,5,0.7387539592581516,0.7810861478736353,1.7249215826176336,0.9444497909229759,1.087505065058754,-3.6696459606706195,-2.0881819002789257,-0.2999748326552383
Chmel07,5,0.6691544035905475,0.6461851959141329,2.2568734434222613,0.9813160507111442,1.0956486605343358,-3.5706451314912577,-2.2308707860062595,-0.6635784950229229
CeK02,5,0.7342854759400326,0.6342806863049333,1.6619709310536825,1.0853142160563665,1.0582951533242293,-3.6120143348348233,-1.9213509824781374,-0.6415998692651224
CeK03,5,0.805771922618657,0.5166183461376987,1.9665446100193704,0.8401258094824198,0.798962226572848,-3.4215709444254756,-1.7490490565647985,-0.4363589315456635
CeK04,5,0.7818604647944243,0.6623082999725067,2.156040201507068,0.9191408969848673,0.9646974285872343,-3.8515437274807973,-1.6543191501445782,-0.8467616184068882
CeK05,5,0.6502386891818346,0.39875129540711285,2.8967187942024197,0.8259470900840715,0.7525679809363774,-3.8327638628320493,-1.8517623939654655,-0.518577858159524
CeK06,5,0.7073986827143917,0.5121231353345244,2.0768285177649686,0.8962610371705844,0.8846268498892438,-3.322195695759547,-1.8950793401194015,-0.6285342321094367
CeK07,5,0.7070969783357199,0.5118147108192992,2.180440236377709,0.9690108937751085,0.9323095269246808,-3.702778979554379,-1.811230039717953,-0.6000209110235
CeK08,5,0.884843318111642,0.380287307359247,2.0741812513336635,0.813489170439011,0.7787837461513178,-3.5422069979361948,-1.6152727503398867,-0.4717090738095111
CeK09,5,0.7225790655039219,0.36408096700367487,2.760790590757504,0.7946031608941566,0.732367071870085,-3.6984497269732284,-1.6497798439601468,-0.6817271775274016
CeK10,5,0.7089634098888715,0.6094223977786051,1.7335558360116692,1.0687263645161806,0.9955403063209978,-3.326751067881824,-1.9830163211807297,-0.7281850996213026
CeK11,5,1.0478405265966468,0.20766781780423793,2.371544629994227,0.640857473927257,0.5979581278931674,-3.1697189151641996,-1.6526543228611135,-0.5508214194929617
CeK12,5,0.7974351049226214,0.45680224684237647,2.2358156305143257,0.8965481787952503,0.9210763881473731,-3.7517524463145326,-1.7052550603540508,-0.6146492195796829
CeK13,5,0.7316555540809269,0.7026285728472268,2.4176570711115706,1.0103568746588896,0.9457281374537754,-3.8901929540508866,-1.816449433485689,-0.9675202513664014
KRIP01,5,0.5501320079251628,0.6931326963251294,2.21461181341356,0.9463742787966187,0.8891762256741358,-3.7534324594863233,-2.0934422678893916,-0.24465480542802887
KRIP02,5,0.709976504041705,0.595955983170894,1.885192355849375,0.921553622368785,0.7891837510029185,-3.237654928853809,-1.8993697869202784,-0.513075425800388
KRIP03,5,0.7120834630294834,0.3244887375590304,1.6533746066882475,0.841142192389019,0.7506381939731726,-2.6204817324517045,-1.9581062105585127,-0.40105868532633604
KRIR02,5,0.6004639001342444,0.7262188420184814,1.8037479079723018,1.0020372644307949,0.9492689746769176,-3.2539299924572656,-2.2793703524591344,-0.44001940065557754
KRIR03,5,0.5602082396245707,1.0150271953319887,2.745400425373237,0.6601720881102424,0.52031273839374,-3.634843169574009,-2.1795559369671675,-0.15727280912728014
KRIR04,5,0.5066591220065924,0.6923684245721566,2.538053513557138,0.8141574319186233,0.6935207196871733,-3.2596442290721472,-2.3594828791278766,-0.2780108798976584
KRIR05,5,0.6799153858306486,0.8134467784551709,1.8449290606874797,1.105636747346142,1.0912914654824377,-3.6053938293414274,-2.306110845211166,-0.6222403379942962
KRIR06,5,0.7199348671891959,0.21802543511884487,2.898704914574708,0.5730809455052741,0.4401513629584013,-3.11742056898053,-1.9238917238156774,-0.2205762965787481
KRIR07,5,0.6854960046945955,0.3519889296232175,2.8033066463656864,0.7233738029497125,0.6735466466793429,-3.3420853413678233,-1.9821777354211272,-0.5113259862731736
KRIR08,5,0.5057928729969436,1.0546548050295315,1.8950685458079026,0.7786667155762945,0.797714910546989,-3.4422405699542353,-2.3200977838759314,0.019768157453568858
PRI01,6,0.537483413714793,0.6609371297796023,2.1368312217483307,0.9809318454573779,0.8761326939290925,-3.27262990521326,-2.1593114691554547,-0.6209541116387896
PRI02,6,0.8838280997952226,0.5035386979872043,2.7727954225351814,0.8266887905241322,0.7856231854070446,-3.781236218142803,-1.8402643507280727,-0.8851337855376542
FRY01,6,0.6469788393351736,0.5339185743760448,2.0428152575882677,1.0546785852447547,0.9229676919397019,-3.3584386364991583,-2.136212391863872,-0.617598612573957
FRY02,6,0.650862476812152,0.9503935761000151,1.9327418675374264,0.6786462819721963,0.6840517005391042,-2.561840488948967,-2.1666847504996647,-0.7894991055780145
FRY03,6,0.8829980409769873,0.3809060971797509,2.4671657746806943,0.8256574943617423,0.7490242683408264,-3.613720436783605,-1.9554923601800724,-0.4626477152667672
NIE01,6,0.4369576787807854,0.6691752181624042,1.7266899597271776,0.7988913362063728,0.8598453448173751,-3.4697177203207654,-2.4888884673090392,0.668466500910911
NIE02,6,0.5867705984119622,0.6728840674666126,1.913146873197749,1.0318291599398839,0.9768605279968594,-3.474211060141017,-2.23041676162841,-0.40325536534943884
SZA01,6,0.6838873168719837,0.7270117435057384,1.4841610072830786,0.9797681331035459,1.0570359902258597,-3.547800806860994,-2.3338776716818903,-0.03426729580458687
CZA03,6,0.5169382865638439,0.9103940124607774,1.23565117826185,1.1053369465891032,1.0742688995558132,-3.349316300408722,-2.4225542686672714,-0.08215169017326884
CZA08,6,0.6298059954500239,0.8809056240308242,1.3762740526379404,1.2815135079508144,1.2277074271196196,-3.6264512519348235,-2.4134286120889703,-0.531285081392646
CZA10,6,0.6879777826534923,0.7390962365825153,1.8468424470202816,1.0650721936324412,1.029503590654699,-3.695048352353473,-1.9866704920644689,-0.6260656170598891
CZA11,6,0.6111452751464452,0.9255861597886113,1.5203625911448737,1.1342302468456886,1.0963141653190722,-3.948807304848353,-2.2880760980267025,-0.10765863900686368
ZDZ01,6,0.5120395089267116,0.9176664948175037,1.4629826841957043,0.9241202119576759,0.8576284603941238,-3.5625881366116636,-2.426588315871934,0.4602092743183883
ZDZ02,6,0.7987915023915986,0.4203015279532871,2.1673384841223493,1.004732485008434,0.8385268646758215,-3.432641714381039,-1.7819608434128895,-0.8656701115387344
ZDZ03,6,0.7837847505140458,0.5994010600265933,1.4683867925024152,1.1105497333835057,0.9347957103366362,-3.5261191196639565,-1.9505827589055373,-0.35923858991413615
ZDZ04,6,0.8232303424788698,0.5981998003541871,1.8578346214069044,1.0182485002614439,0.8951514737449093,-3.5872664538734864,-1.8365684714432056,-0.677918794518316
ZDZ05,6,0.6089377998619763,0.9768692716299363,1.8205068058220493,0.783559877812428,0.6106159341708834,-3.7261719150241537,-2.0914161946057637,0.37837681737218887
ZDZ06,6,0.5498103668068488,0.9155744718320382,2.011913171040275,0.7870412018362276,0.6888286794436884,-3.655610054654089,-2.2754319205516347,0.28336357133552426
ZDZ08,6,0.45360737917953253,1.2141657212122912,1.8470344928622104,0.5562239859769949,0.49639787827246007,-4.048668383645927,-2.2994685288366665,1.2390373223075162
ZDZ09,6,0.8218768659630578,0.6189993378175118,1.8682104304461284,1.036116394066469,0.8903912214035539,-3.5143591337105815,-1.7950547436979485,-0.7998780422780811
ZDZ11,6,0.8672116564854155,0.6148730970262175,1.7469257359321089,1.1087255162962577,0.9905027075556943,-3.6658357650067965,-2.064766102243213,-0.5881395536013754
ZDZ12,6,0.7431813871348218,0.8115123357116216,1.925963504481119,1.0149181475432796,0.8557121646908175,-3.581778741240189,-2.2434935993066594,-0.4011241291921861
ZDZ14,6,0.7641956419883025,0.6776008101790199,1.528319670267809,1.073861602615387,1.0192711928732199,-3.979362545238273,-2.241670297280493,0.18689459857411395
NIG01,6,0.5813885449757712,0.3835339595132625,1.6755300021777402,0.885773900173235,0.7468795187305988,-2.4649814683309517,-2.1368658263006806,-0.4051483980394921
NIG03,6,0.7192461103893555,0.6563039904325585,1.3786044216783815,1.1373399268364088,1.0426390988082017,-3.269737936174919,-2.161369472561444,-0.493479485046175
BIA02,6,0.6668947509616006,0.7662382719967833,1.73265770185357,1.062130967729672,1.027632133670996,-3.6871395622321765,-2.3325938994268656,-0.2518091742005626
BIA03,6,0.7269683822307416,0.7810648590924947,1.4361070808542493,1.221203557095485,1.0948641829216987,-3.7722855781658002,-2.2036696602519545,-0.4153884554002252
BIA04,6,0.6151404928482891,0.7334401908773125,1.3425767468868663,1.1899230733272015,1.1539431763500176,-3.5391022109548804,-2.313150499910169,-0.301150239025866
DUN01,6,0.5793424073767941,1.2332825452300034,2.413426501009639,0.8124159865559095,0.7041637284166873,-4.000851792541121,-2.404836900439161,-0.0928368085105129
DUN04,6,0.7081868593223084,0.7701785353502761,2.4039091403534214,0.83295907185695,0.788357338030325,-3.7825280811020736,-2.1511112619491985,-0.2905199647968235
STG1,7,0.743069168411786,0.7880639044902802,1.7632992882768321,1.3952847714148209,1.2562588594726576,-3.4930116704891905,-2.129706827593999,-1.5026497588630434
STG2,7,0.6801061317096289,0.725293583739524,1.9146611828256275,1.2933191056540294,1.23636808754662,-3.3246262718227846,-2.113535999727985,-1.55696435417379
STG3,7,0.6403311290914404,0.6852264489993312,1.9334495109718057,1.248320501311079,1.192264420854847,-3.161877010329499,-2.053785977706846,-1.5697305950054594
STG4,7,0.7005665928529266,0.745318160552674,1.8740478716849407,1.2521791008049434,1.1779877848998712,-3.240075217880872,-2.0589419055247586,-1.5560686099492629
STG5,7,0.6771319031634713,0.7222252054515774,1.9448934088369814,1.259505556801339,1.153419559525561,-3.2202388254778045,-2.072355487802912,-1.5405966543704555
STG6,7,0.6616240068652939,0.7064477635947948,1.9774945919990579,1.1961279535848646,1.1202551453233929,-2.931723020527079,-2.163674531794016,-1.6385190824731999
STG7,7,0.6830689211115786,0.7278337497195406,1.9253420246364747,1.0875046930506287,1.041850697617085,-2.811896620003086,-2.1709351926137117,-1.4129705119772957
STG8,7,0.7947271924738932,0.8391789550447268,2.2608386549493864,1.1589493420480086,1.0605443953668452,-3.650860923689733,-1.9461128314513076,-1.5107947601934621
STG9,7,0.677805892918331,0.7225731933017077,2.0547039293826024,1.1451538493474318,1.0513121499300697,-3.1491618630127345,-2.139894674680475,-1.3790015055881417
STG10,7,0.6844123811046727,0.7294940649561785,1.932269679384548,1.3087078433997232,1.2050709257869023,-3.5052423609217525,-1.9772974827388352,-1.5347911029503218
STG11,7,0.7105070698108378,0.7553519693388004,1.8935254209530736,1.3423834249777415,1.214721742025236,-3.3761154463173533,-2.1915607278485183,-1.5102480049355762
STG12,7,0.6795207441737232,0.7243535652123301,1.8544861788169895,1.3282008368446423,1.263403793278811,-3.3642050599427273,-2.1114420914473593,-1.5285513971574467
SUM1,7,0.7265609099975925,0.7711092862586613,1.6289780696058755,1.1989921457762713,1.136829278772268,-3.2426205092705023,-2.0685006680942473,-1.1449635276993253
SUM2,7,0.6412741050501403,0.6858397381958024,1.6073273636371495,1.0996202110312314,1.037441716133244,-3.4165531572091274,-2.142376094209942,-0.47691035030617934
SUM3,7,0.6859099143730547,0.7303330535843626,1.3401260040879264,1.3668032572176487,1.3329131958986857,-3.143390026756238,-2.1855502919692102,-1.2600002346822587
SUM4,7,0.6505097966890934,0.6950704122758076,1.6732020645148853,1.0746608556776258,1.0051295505513158,-3.483155633926995,-2.1205777994244204,-0.4107517129590521
SUM5,7,0.7213983996563855,0.766220910215524,1.6372626013470641,1.245357023024532,1.1392246045881236,-3.5574021918883023,-1.8667388395316165,-1.07570581773055
SUM6,7,0.623308132759425,0.6675685836145657,1.5926003158835031,1.3044412579707352,1.2233112333432934,-3.0852482494487155,-2.2162104024251064,-1.2036324510987995
BAK01,7,0.6734274985895343,0.7178506378008427,1.4144553104110977,1.386777386466999,1.294237559238234,-3.2183927995210926,-2.1197805108529826,-1.3540626374582017
BAK02,7,0.6674348751590009,0.712112930427832,2.3483995580555774,1.1883883332213332,1.1057084629806124,-3.455659100349086,-2.162890797240019,-1.4746576314825024
BAK03,7,0.6559794646013319,0.7007506885139176,1.813674491575283,1.212440803364653,1.1116066452569582,-3.325682668091973,-2.17779933041708,-1.0664480159715413
BAK04,7,0.5865870216424702,0.6318380015740583,2.019041040630167,1.294525974649295,1.1995593784250551,-3.221344503831155,-2.151719752036297,-1.503693006756821
BAK05,7,0.7128285369149445,0.7575318781431721,1.8706119587715058,1.224348364110411,1.143061533310757,-3.2761555096493304,-2.1467715623144668,-1.3619940589085968
BAK06,7,0.6902243666907641,0.734828672927518,1.7671609298798336,1.2593188985807309,1.1649682053593042,-3.5759704524579954,-2.2996769865524334,-0.8762885010263024
BAK07,7,0.5825073082368046,0.6270098026139554,2.0112093371874638,1.1737884437886974,1.0479790972580851,-3.1028776752273584,-2.1912489564590145,-1.108335577334008
BAK08,7,0.7021064392222467,0.7471810607356715,1.9313643407171057,1.3349015464908154,1.228511013084478,-3.6830403227878783,-2.053799783057599,-1.3508964275522883
HAR1,7,0.550717977796046,0.595063170323618,2.1276478904364127,1.1555159885247015,1.0891015456256945,-2.7524989955059054,-2.272132579224624,-1.4351975058729662
HAR2,7,0.573744098191431,0.6179395709825526,2.2654890411021396,1.2994275679481122,1.174327814427109,-3.260808645560721,-2.291408088372618,-1.4149819550623906
HAR3,7,0.5969858403398094,0.6417374080395568,1.9128308286789077,1.2910730178356464,1.1640080780514201,-3.1140815287494887,-2.123682824721612,-1.4116671598572839
HAR4,7,0.5295787183767602,0.5744041497568246,2.364884262144018,1.0876378307284873,0.9694037258253276,-2.5911256944060836,-2.309958302975496,-1.4838926626940667
HAR5,7,0.621993405259055,0.667024710007802,2.1460714687419986,1.233075632764696,1.1653742202186166,-3.352549957150425,-2.1914173115009814,-1.3397997899692613
HAR6,7,0.5957168717354868,0.6405051835578708,2.151209419273805,1.2211376595915449,1.142158705342547,-3.3829975081913317,-2.217693845024549,-1.1896117071622778
HAR7,7,0.5488065579850496,0.5937313698932374,2.1477909900328753,1.2224170976367166,1.0684205366353778,-3.0335039211094923,-2.217754418457214,-1.3053172558990491
HAR8,7,0.6483109017350022,0.6927120480529463,1.9726245852232742,1.1484862990213178,1.110718818154154,-3.304097639342719,-2.109257318580055,-1.1446133899893463
